2
116.169	0.0111165
107.23	-19	244.819
4
10.1315	-0.216507
25.1822	15	45.3139
16.6692	-15	293.857
0
67.9713	0.163817
2
60.6863	-0.0496146
60.6616	-15	269.905
4
14.6501	0.571223
46.6561	-15	334.057
30.7743	15	41.8239
0
25.8689	-0.347254
4
113.009	-0.279284
118.528	-19	286.424
113.755	19	87.7842
2
4.42981	0.506951
21.7706	15	39.8881
2
144.87	-0.769546
114.96	19	146.537
4
47.3664	0.829397
38.7028	15	121.441
58.7456	-15	305.711
0
97.9671	0.939479
4
13.8844	0.0723224
20.2219	15	66.9962
17.1062	-15	282.066
0
128.006	-0.661461
4
89.2985	-0.759992
81.8047	19	110.769
100.079	-19	300.586
0
117.969	0.536326
2
36.6086	0.467574
114.935	19	13.3116
4
17.6828	1.10857
15.3751	15	99.4322
23.575	-15	290.091
2
138.745	-0.222514
73.3587	-19	196.023
4
17.9162	-0.264164
21.0818	15	78.2838
24.922	-15	295.428
0
39.0892	0.0939561
4
95.8959	-1.10902
94.8397	19	93.0066
103.272	-19	292.405
0
133.337	0.345804
0
117.442	0.4776
2
7.75429	0.876703
32.6165	-15	327.438
4
94.9696	0.376586
82.0452	19	124.76
113.342	-19	313.476
0
75.8575	-0.188902
4
79.0426	0.41688
78.0092	-19	266.953
91.8895	19	55.343
0
154.43	0.112094
4
86.5861	0.659634
90.4479	-19	281.113
87.2951	19	87.7859
6
49.2325	0.349863
59.1292	-15	302.812
58.0401	-15	299.847
51.9787	15	79.383
6
32.5017	-0.392549
20.5816	15	127.754
57.4905	-15	329.691
46.4011	-15	313.577
4
73.0612	-0.526733
94.5655	-19	319.336
90.1728	19	48.7713
2
0.969303	-0.131672
57.9489	15	14.8724
4
31.527	-0.208632
25.9168	-15	249.229
42.8318	15	53.3761
0
127.33	0.213826
0
38.6517	-0.875388
0
1.95897	-0.168841
2
8.8559	0.0868829
26.1511	15	40.7702
4
22.3109	-0.0211134
21.6478	-15	267.465
32.1468	15	56.7829
0
153.904	-0.570207
0
132.63	0.166037
2
31.0862	0.408823
20.2994	15	126.474
2
118.87	-0.484829
112.67	-19	251.487
2
35.8063	0.609146
19.4002	15	138.744
4
27.879	0.0111771
49.0047	15	35.3559
40.2781	-15	309.556
0
131.153	0.696655
0
52.3078	-0.130888
2
86.066	-0.177172
50.9698	-15	202.897
4
58.8079	-0.361898
43.8613	15	134.215
82.0838	-19	321.314
2
27.3347	0.176678
56.3869	15	27.0321
0
77.3499	-0.443959
2
107.403	-0.0509065
79.3178	-19	214.007
0
125.463	0.281011
0
50.0798	-1.78342
4
17.8374	0.120359
13.6907	15	105.572
25.0586	-15	295.528
0
130.839	-0.63591
4
85.1963	-0.823618
82.3996	-19	261.253
108.399	19	40.509
2
74.1119	0.677763
78.7026	-19	283.132
0
61.2638	0.208708
4
99.5331	-0.195159
89.4146	19	117.795
111.912	-19	303.356
2
68.9807	-0.0988266
76.8064	19	67.7187
4
73.6474	-0.599336
79.8881	19	72.3377
74.3469	-19	272.177
4
20.002	0.344145
31.2853	15	52.4078
23.3404	-15	282.275
4
68.0021	0.385612
113.958	-19	337.128
103.363	19	27.7626
4
47.9226	-0.0966251
40.4645	15	116.291
59.6729	-15	308.253
2
123.096	-0.322032
116.739	-19	251.205
2
2.6224	0.176344
21.9866	15	37.4348
2
38.3888	-0.250757
115.431	19	14.0294
2
50.8897	0.273854
55.5328	-15	286.909
2
69.7981	0.0609259
76.6234	19	70.1816
4
66.6312	-0.0634552
51.718	15	134.713
95.6404	-19	326.864
0
2.94163	0.408454
2
42.4743	-0.667275
56.3376	-15	314.046
0
70.9833	0.354675
4
88.7772	0.216434
90.7046	-19	275.728
90.3982	19	85.0676
2
139.624	-0.498092
47.186	15	170.482
0
150.298	-0.775029
2
113.577	0.652818
84.7102	19	147.561
4
46.9226	-0.322888
58.6737	15	52.5155
51.8347	-15	288.504
0
147.975	-0.318539
0
86.6398	-0.448509
4
5.57674	0.458392
47.6202	-15	339.813
29.6994	15	31.0824
2
5.75058	0.0628371
106.459	-19	349.281
0
37.8202	-0.0959903
0
111.794	0.179973
0
144.186	-0.424559
0
18.2012	-0.332027
0
54.9542	-0.0216092
2
57.9732	-0.368937
58.1614	-15	270.737
0
6.16677	-1.34131
4
98.7902	0.731125
94.1805	19	104.162
107.782	-19	294.499
2
74.2275	-0.46484
79.3779	19	75.1793
0
115.399	-0.538112
6
72.4462	0.275941
52.5867	-15	217.567
98.5774	19	35.6231
112.628	19	24.9845
2
90.4573	-0.46333
118.312	19	34.9441
0
29.1799	0.029548
2
63.0192	-0.631597
115.45	19	20.5272
4
10.8513	0.609358
22.6066	15	50.7556
16.9314	-15	291.282
4
71.6798	-0.0516767
102.224	-19	328.187
75.7323	19	77.9916
6
37.559	0.0387348
43.929	15	66.9374
41.5813	-15	284.974
41.1193	-15	283.319
6
54.0369	0.0186161
56.4985	15	80.6692
59.283	15	70.7012
54.4332	-15	271.511
0
147.827	0.0182337
2
27.4854	0.570513
116.417	-19	347.589
0
130.77	0.172342
2
109.468	-0.162981
34.3825	-15	191.178
0
153.009	0.0326366
2
110.066	0.452479
116.619	19	70.5431
0
128.221	-0.821414
4
92.0218	0.0832806
87.4117	-19	256.419
104.861	19	55.8353
2
129.248	0.585066
98.8807	19	148.767
0
114.65	0.306875
4
22.5384	0.542954
28.7307	-15	291.722
23.5966	15	85.8134
2
15.4609	-0.0141613
42.2938	-15	330.817
4
86.3527	0.419289
105.339	19	44.3813
116.273	19	31.841
4
83.8415	-0.802275
95.3823	19	59.7663
86.952	-19	279.7
0
140.065	-0.238393
0
98.3963	-0.951152
4
111.232	0.132426
102.355	19	115.195
104.805	19	108.809
2
76.5271	0.288505
54.206	-15	214.409
4
12.291	0.350988
39.6947	15	28.1274
29.3493	-15	318.016
2
8.35136	0.595496
42.8947	15	22.6361
0
119.319	-0.183826
2
119.164	-0.396691
80.5004	19	153.358
0
28.4237	0.363847
0
88.8006	0.0638502
4
87.9547	0.231812
86.7954	19	93.5346
95.2122	-19	290.675
0
65.4115	-0.56469
0
118.982	0.646362
2
113.889	0.335547
108.798	-19	255.248
0
141.385	-0.313769
4
45.05	-0.0274795
13.0948	-15	205.105
101.523	19	18.6203
0
149.656	-0.437405
4
81.4054	0.343882
83.7691	19	82.779
87.2299	-19	286.757
0
137.184	0.0133892
4
18.4773	-0.0737255
18.4129	15	90.2446
24.4443	-15	291.79
6
22.6183	0.185118
29.5718	-15	294.604
24.6461	-15	277.606
24.4985	15	82.7672
4
74.2648	-0.402712
56.2727	-15	219.053
118.887	19	23.5005
0
141.315	0.258511
4
37.6387	0.8811
51.3495	15	45.8403
48.9712	-15	305.511
2
114.135	-0.0142555
118.374	19	77.4316
4
19.7578	0.18966
13.1844	-15	246.599
29.5133	15	56.6272
2
100.002	-0.548693
113.007	-19	305.176
0
130.964	0.0385864
4
101.111	0.48999
107.202	19	71.7859
102.725	-19	274.731
2
23.5931	0.212962
50.6756	15	28.6345
4
96.4549	-0.33076
93.0785	19	99.9076
103.224	-19	289.93
4
56.3854	0.116246
30.4523	-15	210.238
104.201	19	21.5504
2
56.2864	0.108411
43.9493	15	129.641
4
88.8543	-0.573522
83.9755	-19	255.17
107.243	19	46.788
0
115.397	0.141498
2
66.7427	0.750197
27.2297	-15	201.733
4
104.683	-0.137449
108.506	19	78.7019
104.799	-19	270.352
4
117.169	0.948253
18.5574	15	171.89
96.6447	19	138.667
4
65.9117	0.758118
53.8854	15	130.179
87.7291	-19	317.836
2
100.63	0.126458
79.294	-19	221.875
4
52.2634	0.216573
58.5827	15	66.8552
52.3988	-15	270.51
2
39.782	0.923648
116.616	-19	345.463
2
56.407	0.161139
53.3812	15	101.526
4
82.6369	-0.178539
84.5648	19	84.2597
84.1847	-19	274.701
0
125.675	0.084955
4
90.8665	1.19143
83.5834	19	112.243
112.611	-19	317.121
4
47.506	-1.2416
46.5655	15	93.314
53.2356	-15	292.609
4
93.1267	-0.349176
96.7598	-19	281.023
93.261	19	89.6023
4
32.8652	-0.661629
28.1196	15	106.857
51.1094	-15	321.836
2
10.1566	-0.238717
17.0353	15	65.7057
4
42.6156	0.317788
46.9091	-15	285.658
43.7412	15	85.6159
4
85.7462	-0.231547
88.9144	19	80.6453
95.0538	-19	296.378
4
4.64266	0.229053
44.9404	-15	339.298
31.4524	15	28.8528
2
109.692	-0.174475
78.8171	19	148.158
0
145.106	1.04711
0
131.618	-1.11684
0
123.229	-0.0172662
0
120.733	0.876045
4
106.735	-0.302171
78.2029	-19	213.238
37.6515	-15	192.011
4
53.9165	-0.304726
34.7707	15	141.362
114.522	-19	342.856
0
2.80502	0.282494
4
50.5822	-0.00907754
48.3093	15	98.6112
55.7774	-15	289.114
0
70.6696	-0.359459
2
88.4504	0.0401235
76.4981	-19	237.882
0
68.2798	0.439647
4
87.2144	0.0285889
98.5919	19	59.0482
91.2566	-19	281.993
0
145.863	-0.203784
4
85.08	0.910093
100.713	-19	308.137
95.1087	19	60.9968
2
5.85156	0.338122
41.3281	-15	336.619
2
85.4816	-0.588498
113.382	-19	326.579
4
102.405	-0.319542
93.8087	-19	245.289
118.981	19	49.3717
0
146.111	-0.359587
0
127.13	0.546161
0
109.512	-0.0926249
0
142.758	-0.0891352
0
121.27	0.0262599
2
133.206	-0.202291
106.372	19	144.412
4
80.6227	-1.14085
110.873	-19	329.443
107.502	19	36.8441
2
60.5622	0.377207
29.9414	-15	206.665
0
146.512	-0.194419
4
35.6778	1.16993
35.3178	15	91.4913
41.0964	-15	288.526
2
118.989	0.801783
110.848	-19	247.65
2
59.8489	0.75101
60.6653	-15	272.967
4
88.5313	0.377559
114.556	-19	323.329
89.8581	19	85.9249
4
88.2529	0.500328
74.4201	-19	234.65
115.818	19	33.8664
4
38.0858	-0.533641
48.8015	-15	306.529
45.8713	15	63.3796
2
112.95	0.242979
47.9631	-15	193.2
2
88.2852	0.538801
54.5282	-15	204.717
0
138.008	-0.193691
2
7.82494	0.368773
46.3365	15	20.8027
6
49.1707	-0.119504
47.1509	-15	262.27
55.0632	15	68.7075
56.1178	15	65.322
4
91.1881	0.121256
90.35	-19	267.491
95.7605	19	76.385
4
85.2613	-0.981799
75.1001	19	116.955
103.171	-19	314.826
4
98.3405	-0.622021
92.2116	-19	251.557
112.627	19	53.9417
4
79.5042	0.289043
84.3498	-19	284.101
108.729	19	32.6287
2
0.467655	-0.397869
37.5548	-15	338.509
0
15.6668	0.854979
0
44.6068	0.527773
2
53.1993	0.249668
42.7133	-15	235.487
4
116.324	0.498497
80.989	19	152.363
91.1832	19	143.65
0
6.89221	-0.349575
4
0.0267483	-0.528495
18.7452	15	39.6784
13.2962	-15	312.519
0
38.6034	-0.333259
4
41.2571	-0.105221
52.7992	15	52.6162
47.2018	-15	291.757
4
72.4993	0.99922
87.0453	19	51.0593
83.5392	-19	298.899
4
52.2808	0.11656
55.8479	-15	283.277
82.1274	19	32.3208
6
52.4881	0.304657
18.5968	15	156.558
24.8324	15	152.015
109.718	-19	341.36
0
9.28194	-1.02788
4
34.3742	0.734968
36.3971	15	81.9288
38.339	-15	284.143
2
110.334	0.0899736
90.5095	-19	223.919
4
84.8705	-1.20812
82.756	-19	263.222
94.2497	19	65.1025
2
39.8721	0.0544623
57.484	-15	319.476
2
143.381	0.269916
98.082	19	157.536
4
54.5958	0.482289
59.3593	15	71.8343
57.0617	-15	279.05
2
34.849	0.778391
53.8016	15	36.8838
0
96.2745	0.315693
2
122.895	0.418724
97.9483	19	143.32
4
77.6649	-0.379319
58.119	15	141.803
119.759	-19	336.138
2
123.834	0.15721
118.266	-19	253.796
4
60.6665	0.626136
51.1711	-15	238.714
79.8267	19	43.7998
2
37.111	0.447944
101.527	19	16.0667
0
62.0127	-0.314307
2
115.577	-0.281441
114.481	-19	266.648
0
123.526	-0.230921
2
54.8332	0.645326
31.1794	-15	213.482
4
70.2877	0.391081
60.6762	-15	238.016
86.132	19	49.5877
0
138.763	0.406878
4
68.6622	-0.082111
90.0992	19	41.6737
80.1077	-19	301.174
2
71.6154	-1.05761
37.1097	15	155.045
2
117.221	0.220493
86.9086	19	148.221
0
71.59	-0.59495
2
4.24993	-1.06645
32.322	15	29.7837
0
24.4004	-1.38313
2
76.9846	0.776255
46.4052	-15	207.29
2
143.747	0.0795608
19.3714	-15	186.913
4
38.2283	-0.57431
41.2833	15	78.902
41.8552	-15	284.113
0
110.803	-1.04323
2
73.413	0.0882329
43.8312	15	153.248
4
83.3027	0.999794
86.0455	19	81.3361
84.4152	-19	273.184
4
81.68	-0.0194396
75.3179	19	108.495
93.0949	-19	301.023
2
19.4405	0.328465
49.5361	15	25.9891
0
130.666	1.03785
0
145.19	0.481109
2
83.969	-1.19803
111.966	19	35.8081
0
108.985	0.510831
0
3.82312	-0.0557871
0
152.771	-0.0393153
4
34.5944	0.66161
52.7977	-15	319.292
43.6006	15	57.8663
0
81.8549	0.369198
4
16.8712	0.309337
22.9323	15	67.5799
17.8318	-15	273.59
4
36.3171	0.246512
50.4292	-15	312.787
36.9521	15	87.5355
4
78.1925	0.743051
111.711	19	28.5766
106.583	-19	325.185
4
100.408	0.302677
111.886	19	58.4561
104.625	-19	282.321
2
61.3619	-0.277059
58.4751	-15	258.906
4
10.9053	-0.257874
34.9744	-15	328.513
17.9512	15	65.213
4
48.9041	0.503906
58.2465	-15	301.073
53.8006	15	71.3359
4
91.2599	-0.721337
92.2939	19	86.9987
93.9153	-19	278.266
0
48.6793	-0.229165
4
54.1855	-0.573807
57.3118	-15	282.227
54.5224	15	88.7608
4
96.2568	1.02758
90.9366	19	106.49
111.192	-19	306.712
2
13.4482	-0.345967
29.6927	15	43.3707
0
85.8116	-0.754845
0
62.0056	0.0829089
0
64.6477	0.485547
2
47.3392	-0.372783
41.0751	15	112.17
0
113.219	-0.308093
0
9.03121	-0.378735
0
31.7346	-0.533084
2
49.6555	0.317099
54.3632	-15	287.085
0
143.776	0.348604
0
142.456	-0.220439
4
83.7025	-0.32442
92.1551	-19	294.352
83.9099	19	89.3849
0
144.593	-0.341418
0
29.0552	0.595791
0
130.409	0.357106
4
53.2599	-0.904219
19.1001	-15	202.423
112.039	19	18.7075
0
132.845	-0.403998
4
40.1189	0.485775
55.5495	15	43.247
52.5133	-15	308.673
6
63.6743	0.0382489
42.0434	15	145.329
13.9074	-15	376.813
99.4102	-19	331.954
4
77.9368	0.574532
91.9566	19	52.7328
83.0871	-19	284.741
0
144.061	-0.857729
4
84.6598	-0.0849873
82.9981	19	94.9762
89.9735	-19	285.691
0
136.164	0.852184
4
44.385	0.187533
38.868	15	110.428
53.2034	-15	300.141
0
119.02	-0.296373
0
154.72	0.232623
2
58.0917	-0.162525
119.662	19	17.2877
0
153.568	0.412825
2
36.2709	-0.574815
94.486	-19	342.437
2
5.0012	0.638575
27.7418	15	32.2737
4
81.8166	-0.2772
89.4943	-19	292.297
89.3809	19	68.5752
4
87.7532	0.225784
88.7281	19	87.0275
94.7415	-19	289.976
4
11.7104	0.155609
14.0061	15	81.209
17.8482	-15	292.047
2
29.1015	-0.957136
50.6396	15	36.5339
2
59.8965	-0.195776
102.328	-19	336.099
4
76.598	0.0646691
58.4589	15	140.533
114.112	-19	333.06
2
117.31	-0.0915266
105.401	19	121.955
0
105.251	-0.0454361
0
109.548	0.197705
0
153.59	0.168723
0
150.362	-0.179307
4
81.9926	0.95621
89.88	19	66.3886
87.4406	-19	285.27
0
28.7946	0.110042
2
102.639	-0.0990423
119.249	19	48.9867
2
41.7364	-0.335313
101.572	19	17.9079
0
145.999	-0.408385
2
47.7515	0.640652
33.8139	-15	228.295
6
33.2282	-0.329869
25.2642	-15	241.504
44.853	15	52.8267
48.1269	15	45.8172
2
143.074	0.235568
111.562	-19	211.401
4
30.7225	-0.731942
14.576	15	135.745
58.0191	-15	332.404
4
24.7065	0.191747
38.4592	15	47.1166
31.3889	-15	293.743
0
67.3227	-0.438907
2
3.75419	0.514276
38.6557	-15	336.034
4
50.9722	0.329471
24.7134	15	150.808
93.6866	-19	335.652
0
100.352	0.142767
2
120.632	-0.458113
45.0465	15	168.442
2
138.066	0.220202
47.7583	15	-9.29466
4
49.2885	0.450717
59.6321	15	54.5895
56.8237	-15	295.998
0
137.893	-1.02617
0
131.341	0.4339
4
6.13233	0.0603446
34.2946	-15	331.863
28.142	15	34.1678
0
4.68015	-0.0911014
0
153.054	0.149402
4
15.1746	-0.844655
14.4258	15	92.7056
20.679	-15	291.249
2
67.0115	0.199955
89.2722	-19	319.222
2
21.015	0.331309
89.1276	-19	344.155
2
74.1469	-0.23278
27.1703	15	162.034
2
132.639	-0.183329
119.809	-19	235.711
4
45.9739	-1.32028
37.8373	-15	239.256
60.2544	15	48.8135
2
140.167	0.323027
59.2188	19	167.008
0
133.209	-0.656787
0
110.617	-0.439632
4
12.0891	0.492401
23.9917	-15	307.535
19.7532	15	62.1532
2
84.4335	0.511029
113.989	19	32.0287
2
124.965	0.573925
53.4008	15	168.603
4
70.4182	0.558004
60.0914	-15	236.425
107.1	19	26.6915
0
121.854	-0.969391
6
19.6033	0.937067
21.1355	-15	455.492
34.4979	15	-136.645
85.9101	19	15.2384
0
142.583	0.390569
2
110.821	-0.331463
104.102	-19	250.206
0
47.6602	0.700672
2
111.51	-0.254357
99.0397	19	122.929
2
110.138	0.112092
48.2243	-15	193.717
4
78.594	-0.0241897
91.2168	19	56.4353
118.173	19	25.6721
0
65.0993	-0.470998
4
108.378	0.880825
111.563	-19	279.103
110.747	19	82.5522
0
0.978804	0.0190103
4
4.35906	0.164056
49.6376	15	18.1419
41.6733	-15	337.884
2
72.9083	-0.0952599
115.506	-19	336.069
0
154.129	0.796365
0
115.156	-0.103932
4
36.7235	-0.422593
45.7134	15	59.7619
50.7063	-15	313.807
4
21.1202	0.44464
51.8819	15	25.3219
39.9511	-15	320.642
0
151.568	-0.692263
2
84.4571	-0.143169
105.217	19	42.6801
0
147.181	0.562786
0
84.0431	-0.0455345
4
35.0072	0.617574
34.1983	15	93.219
40.607	-15	289.726
2
146.168	-0.56613
111.713	-19	208.147
4
88.2207	0.272833
81.7352	-19	251.401
98.3729	19	61.5375
4
26.0682	-0.980004
32.0808	15	69.3808
27.8484	-15	277.236
6
27.5472	-0.254777
29.0937	15	84.2113
50.0913	-15	326.813
34.9468	-15	296.649
0
67.699	-0.48994
0
154.803	0.591117
0
91.7943	0.286637
0
152.625	-0.966282
4
28.1003	0.68476
30.3577	15	81.0389
31.7465	-15	283.087
0
145.285	-0.116742
2
34.0011	0.946191
83.4883	19	20.0429
2
19.4676	-0.390842
90.314	-19	345.283
4
108.728	-0.649506
106.722	19	95.8311
114.22	-19	286.659
0
150.515	0.446062
0
145.157	0.268367
2
115.336	0.428363
114.264	-19	266.844
0
55.7536	0.21518
4
33.2097	-0.825993
48.0314	15	46.8768
41.4476	-15	300.165
0
141.983	0.497495
4
77.0859	0.258655
87.0143	-19	297.272
80.2448	19	80.4327
4
80.3871	0.557463
86.8233	19	70.7618
83.2484	-19	278.323
0
135.192	0.0748345
4
23.9286	-0.247598
16.6487	15	115.522
34.2824	-15	305.063
0
65.0758	0.311435
4
16.5153	-0.911595
60.2383	15	19.9974
41.3524	-15	330.437
4
113.461	0.156619
103.563	-19	242.675
89.1523	-19	218.24
4
61.7786	0.25823
60.4264	15	95.2409
102.251	-19	334.553
6
38.3481	0.656011
54.2052	-15	315.366
57.3734	-15	320.549
39.2559	15	-273.622
2
103.665	0.39139
87.937	19	130.204
0
137.329	0.422349
4
101.802	-0.0677774
96.1488	-19	253.373
114.781	19	55.7575
0
151.974	0.712469
2
41.2035	0.768082
60.0488	-15	320.08
4
85.8164	0.493752
74.438	19	121.585
106.927	-19	317.28
4
71.1376	-0.377282
85.7661	-19	308.15
81.6711	19	61.4714
2
66.9988	-0.00304011
81.0037	19	53.6106
0
123.806	-0.521301
0
111.832	-0.211828
0
72.9616	0.18644
2
19.8286	0.216973
60.1024	-15	339.302
0
40.683	-0.884698
0
133.955	0.0350393
4
46.8895	0.126272
80.3829	19	29.4015
47.1151	-15	270.854
4
20.7963	-0.0757118
116.892	-19	348.859
91.2597	19	15.1479
0
124.18	0.0343228
2
22.3483	-0.737621
31.2671	15	60.459
0
153.951	-0.328651
4
21.5521	-0.163126
29.8506	15	61.3088
26.4976	-15	288.435
6
91.634	-0.0588468
75.445	19	130.345
78.4517	19	124.67
116.932	-19	323.178
2
96.7014	0.584198
33.6942	-15	193.893
0
118.372	0.111608
4
64.967	0.0101888
59.2001	15	111.043
78.7675	-19	305.978
2
43.06	0.433361
47.0082	15	74.8348
2
1.40632	-0.254117
29.4948	-15	332.301
2
19.0716	0.0307666
96.8487	-19	346.251
0
3.55882	-0.0270627
0
66.3999	-0.123221
0
135.66	-1.27369
2
84.293	0.71376
14.3444	15	168.457
0
152.407	1.31297
4
26.1139	-0.137619
13.654	15	129.458
104.516	-19	346.473
2
134.289	0.406979
119.655	19	128.205
2
83.3	-0.186797
45.8411	-15	201.576
4
62.2711	0.147824
53.0661	-15	238.714
79.1097	19	48.229
2
121.84	-0.463752
91.8006	-19	211.677
0
109.662	-0.0864923
4
41.2293	-0.702424
50.1814	-15	302.052
47.5701	15	68.0108
4
99.0733	0.303796
97.5099	19	94.7799
107.525	-19	293.644
0
135.466	-0.268966
2
42.0396	-0.607096
54.1318	-15	310.035
4
51.2425	-0.347429
54.2008	15	79.0899
54.5822	-15	282.84
0
143.104	-0.566193
4
68.5811	-0.0273306
47.3375	15	144.725
89.824	-19	318.231
2
67.8062	0.372278
105.944	-19	333.072
4
36.5282	0.854275
36.3116	-15	269.217
41.0891	15	72.1296
4
90.1565	-0.216798
87.7906	-19	262.821
98.1009	19	67.5394
0
51.5183	-0.0495856
4
52.2808	0.413547
51.2102	-15	266.027
55.9691	15	75.8096
0
23.1602	0.172485
0
15.575	-0.0240193
4
35.948	-1.04041
37.6841	15	83.8226
39.0796	-15	282.644
4
6.06453	0.272087
33.6285	-15	331.011
22.6194	15	41.6577
4
54.405	0.0985596
41.3105	-15	229.066
81.087	19	35.3137
0
87.9832	-0.327873
2
120.372	-0.11851
88.6494	-19	210.761
2
65.8058	0.785067
74.5453	19	64.3684
0
113.422	-0.050205
4
25.1553	0.134793
17.6093	15	116.914
36.1864	-15	306.087
0
70.4399	-0.0677708
0
109.454	-0.633039
0
141.079	-0.0320657
4
54.3819	-0.0861216
59.7039	15	70.5682
55.5295	-15	274.4
2
43.8518	0.156513
31.6315	15	129.464
0
116.704	0.651836
4
19.1963	-0.211714
40.1549	15	35.972
43.175	15	32.3904
4
56.7053	-1.10307
36.1463	15	141.93
85.1961	-19	327.864
4
13.2056	0.174491
20.5673	-15	295.88
15.0884	15	82.7623
2
106.095	-0.675313
119.73	19	55.2781
0
151.824	-0.0885166
4
86.5144	0.881842
83.6418	-19	261.779
96.4309	19	61.3071
4
68.8517	-0.537335
52.7728	15	135.981
101.109	-19	330.215
4
61.1377	-0.201839
91.0615	19	32.6879
81.8347	-19	317.752
4
71.3649	0.157055
78.5568	19	69.1093
74.8423	-19	280.288
0
102.862	-0.384687
4
51.4624	-0.50758
32.319	15	140.99
91.2265	-19	335.059
2
53.8059	-0.0712912
47.8165	-15	248.139
2
72.3068	0.459868
81.1768	-19	294.504
0
120.108	0.763678
2
141.869	0.658677
35.9215	-15	188.407
0
141.185	0.774072
0
34.2221	-0.546636
4
48.8773	0.0241974
22.7072	-15	209.86
91.4232	19	24.0373
4
94.1084	0.0661453
89.0056	19	105.083
106.418	-19	302.847
2
37.6553	0.187458
92.1529	19	19.0446
0
150.144	0.0832114
2
71.3605	-0.0512066
77.0815	19	73.2851
2
112.695	0.0339761
117.78	19	74.9909
2
141.793	0.143832
119.23	-19	220.313
2
93.1353	0.61357
57.8295	-15	203.857
4
31.8167	-0.817814
37.6797	15	69.6623
44.6738	-15	312.194
2
100.272	-0.451283
85.4115	-19	231.3
0
49.2411	-0.340878
4
80.9535	0.00898167
82.0291	-19	273.238
85.1914	19	77.4205
4
83.6869	-0.126542
76.9552	-19	250.37
94.5873	19	60.3207
0
74.3271	-0.457081
0
141.784	-0.228859
4
41.3917	-0.167706
28.9437	15	129.375
83.0388	-19	335.668
4
87.0079	-0.604886
77.8635	19	115.006
104.309	-19	313.245
2
116.659	-0.295599
118.905	19	83.3608
4
77.2232	-0.239743
83.8978	-19	289.585
78.3942	19	86.5171
4
48.0905	0.241278
31.1293	15	138.972
87.9285	-19	334.22
6
18.4313	0.206238
16.6112	-15	263.174
20.5764	15	81.7496
27.3716	15	58.8543
2
127.673	0.0123571
86.3603	-19	204.712
0
58.5786	-1.20755
4
110.712	-0.242634
111.772	-19	273.234
117.897	19	69.5236
0
134.707	0.367228
2
73.6269	-0.305356
21.2075	15	163.723
2
5.09228	-0.679976
74.5001	15	12.73
4
70.9933	0.0212541
74.9195	-19	281.663
79.963	19	64.7039
0
152.281	0.739536
4
39.9074	0.467567
112.267	19	14.3656
91.2696	-19	339.242
2
15.0296	-1.31954
60.0075	-15	343.082
2
25.3051	-0.336098
54.4832	-15	333.317
4
82.0111	-1.17586
78.1546	19	100.821
93.6519	-19	303.148
2
113.975	-0.526774
119.985	-19	288.024
6
54.6931	0.0193178
16.6108	-15	381.524
91.5637	-19	332.714
80.9785	19	35.8331
0
148.121	-0.275628
2
94.7787	0.195318
74.3572	-19	223.227
4
108.796	1.35275
117.523	19	63.686
110.821	-19	275.683
2
0.89706	-0.618102
39.9487	15	21.7982
4
92.0739	0.673062
93.6702	19	85.0219
94.1715	-19	276.086
2
6.01998	0.484369
24.8872	15	37.5732
2
75.9323	0.468725
21.4978	15	165.053
0
39.5412	0.0868068
2
125.775	0.494966
110.797	19	128.987
2
71.0013	-0.498462
37.1116	15	155.424
4
16.5489	0.413975
21.731	-15	288.582
17.5777	15	85.9658
0
76.2508	0.0210631
0
145.467	-1.06539
4
28.4141	0.00651433
27.188	-15	265.329
32.6301	15	74.2944
4
64.4963	0.179063
82.3706	19	46.4777
75.5071	-19	299.861
4
28.6755	0.490331
60.9221	15	24.2258
56.0681	-15	330.512
4
45.3322	-0.239509
40.264	-15	251.049
57.9367	15	50.4062
0
144.502	-0.0363506
2
88.3781	-0.164616
40.3877	-15	197.178
0
71.09	-0.267239
4
41.2962	0.5342
40.2117	15	94.2877
47.8491	-15	292.872
0
27.9034	-0.479317
4
110.019	-0.032942
109.702	-19	269.043
114.223	19	77.5433
0
150.97	0.20182
4
74.6808	0.586707
89.0541	19	52.0247
77.0672	-19	276.947
2
8.61488	0.165789
25.5509	-15	318.156
6
102.849	-0.733794
117.141	-19	308.042
95.3091	-19	427.57
32.4041	15	-192.59
2
71.213	-0.147586
25.6639	-15	198.06
4
94.4181	-0.0250564
118.642	-19	321.928
106.323	19	57.9644
4
46.0175	0.513146
44.9811	15	94.0919
50.1186	-15	284.808
0
131.113	-0.898901
2
80.3138	0.166618
112.695	-19	329.378
0
135.316	0.342875
4
35.4727	-0.124721
49.8499	-15	314.024
46.1454	15	54.7914
0
148.072	0.0361365
0
141.46	-0.517411
0
121.706	0.585877
2
78.1277	-0.0602892
99.3866	19	41.8787
2
104.799	-0.263007
118.608	19	54.3651
4
35.8416	-0.575878
30.8104	-15	250.771
47.888	15	52.2816
0
1.8071	0.364592
4
71.017	0.607379
80.2546	-19	295.226
75.9073	19	75.1105
0
102.164	-0.0938295
0
5.15283	1.15435
2
18.6228	-0.0370044
94.456	19	14.0922
0
117.073	-0.431734
4
67.3413	-0.872578
86.1163	19	46.6267
79.8763	-19	304.664
2
59.8856	-0.246231
59.3923	15	91.8533
0
140.045	-0.498414
2
68.0567	-0.407262
83.0878	19	52.2419
0
28.2553	-0.209316
2
35.9771	0.394176
116.236	-19	346.415
0
125.987	-0.0217855
2
56.4684	-0.0120131
82.1586	19	36.5033
2
65.4134	1.17466
36.8582	-15	209.529
2
42.8668	0.0905217
104.447	19	17.0701
4
15.8356	0.945079
20.1308	-15	285.076
16.9416	15	85.5004
4
77.0978	-1.07177
77.1053	-19	270.024
91.281	19	54.7541
2
103.793	0.651093
55.1009	-15	197.819
2
11.282	-0.025606
20.868	-15	302.626
2
141.93	-0.0217128
92.7794	-19	201.113
0
39.1298	-0.816679
4
74.4809	-0.259964
78.6465	19	77.7959
81.9619	-19	291.762
0
112.534	0.67486
4
93.7446	-0.725458
97.5495	19	79.0819
96.2804	-19	277.9
2
16.0533	-0.5597
50.1209	15	24.5476
4
62.757	-0.186489
52.6275	15	123.704
103.938	-19	335.447
0
136.062	-1.20876
2
48.6258	0.788517
39.7747	15	121.915
0
138.252	0.571359
4
54.2777	-0.478408
87.0596	19	30.718
78.742	-19	322.871
0
69.5472	0.85536
0
86.9946	-0.592983
0
123.797	0.237796
4
42.729	0.931416
40.4385	15	99.2473
52.109	-15	300.489
2
140.787	0.111772
116.028	19	142.661
2
72.8202	0.778755
82.9909	19	60.8309
4
71.316	-0.45536
92.1492	-19	318.326
83.7953	19	57.3226
0
19.1005	0.307186
4
32.4577	0.18481
24.4362	15	118.433
46.1763	-15	312.096
2
108.464	0.350666
79.2627	19	147.436
4
11.9195	0.359836
23.7591	-15	307.626
19.8022	15	61.7008
0
154.286	-0.918459
4
108.031	-0.737365
116.087	19	67.7978
108.745	-19	272.237
0
126.725	-0.749887
0
114.282	0.274742
0
124.357	-0.417968
0
146.163	-0.0594967
4
66.9741	-0.296894
50.5925	15	136.961
96.4865	-19	327.636
4
81.355	0.932555
111.995	-19	326.954
103.264	19	39.5116
0
41.9496	0.152546
2
52.9756	-0.00421723
82.4534	-19	327.202
2
125.286	-0.5055
114.451	-19	239.635
0
123.739	0.398479
4
46.207	0.167111
48.7028	15	80.4489
46.4451	-15	270.899
0
65.5269	0.721442
0
147.823	-0.40661
0
148.78	0.599989
4
107.258	0.140597
119.764	19	56.4507
107.595	-19	271.009
4
20.9005	-0.1316
26.0596	15	71.1733
21.1098	-15	270.806
2
53.5951	0.479985
43.2443	15	125.484
2
23.6751	-1.78413
39.8873	-15	320.814
0
31.5562	-0.168459
2
75.9809	0.484237
89.6005	-19	304.954
0
139.676	0.388146
4
41.7501	0.120776
37.5628	-15	254.521
48.813	15	64.6071
4
65.7323	-0.718102
93.2336	19	35.6401
77.2741	-19	302.265
0
36.9444	0.174314
2
139.643	0.634699
104.408	19	-27.5291
2
120.944	0.493896
110.894	19	118.503
2
112.642	-0.0844079
80.952	-19	210.832
0
133.831	-0.187168
4
80.2593	-0.268012
82.4001	-19	276.52
81.8615	19	85.2465
4
53.8959	0.220412
34.1232	-15	217.588
91.9195	19	26.2845
4
98.4106	-1.20486
87.3675	19	118.659
114.134	-19	311.463
0
134.236	0.714096
0
145.672	0.850336
0
13.862	0.33422
0
147.697	0.041733
0
78.2265	-0.305626
2
71.6823	0.140765
77.6225	-19	287.241
0
38.3269	0.137509
0
3.17808	-0.584284
2
65.4485	0.728269
91.2487	-19	322.596
4
47.4353	0.21815
41.6292	15	111.444
56.868	-15	301.792
0
90.7952	-0.5427
4
27.4802	-0.135281
29.4754	-15	277.645
28.4593	15	86.2987
0
50.6396	-0.260027
2
113.093	0.251967
86.6199	19	144.694
4
56.8115	-0.377936
39.5234	-15	220.224
85.4787	19	34.0572
4
94.2636	-0.54261
107.21	-19	305.047
103.448	19	64.8274
0
41.4709	-0.282824
4
89.6543	-0.206067
86.1054	19	100.469
96.8062	-19	290.834
4
95.6035	0.737349
87.9131	-19	248.712
106.631	19	58.8762
2
103.888	-1.14847
86.3952	-19	225.582
0
63.993	0.610028
4
84.4322	0.10799
117.823	19	29.5003
88.8337	-19	282.972
2
106.176	0.076367
117.804	-19	301.363
2
70.7836	0.607721
83.3755	-19	302.708
4
45.4836	-0.487794
37.8447	15	116.253
55.7271	-15	305.216
0
128.354	0.383381
4
98.0387	0.223253
113.133	19	51.2054
80.1856	-19	227.116
0
110.445	0.69954
0
60.6881	-1.29609
4
25.6926	-0.480212
44.9286	15	38.8254
39.3569	-15	313.261
4
22.0235	1.02664
25.8103	15	74.8371
22.1124	-15	270.318
4
16.4212	-0.21721
22.8483	-15	293.498
20.0008	15	76.7628
2
8.22732	-0.114371
30.6951	15	33.9293
0
42.0824	0.563968
0
127.867	-0.348395
0
65.8624	0.179933
0
152.598	-0.398869
4
35.6063	0.321967
28.1876	-15	244.164
50.5765	15	44.4355
2
88.2178	0.73758
113.127	-19	321.607
2
82.6516	0.437469
24.551	15	165.929
2
101.504	0.242076
86.4585	-19	231.978
4
49.7732	-0.816532
49.1586	15	92.2249
55.251	-15	291.117
2
65.4071	-0.0847607
81.7198	19	49.4778
2
72.7884	-0.200853
26.6478	15	161.766
0
141.323	0.107059
2
5.75998	0.0817537
23.923	15	39.3981
0
61.3353	-0.349098
4
109.776	0.0216892
113.336	-19	280.602
110.039	19	89.2051
4
38.0184	0.163702
100.675	-19	342.994
86.9486	19	21.0549
2
59.7153	0.10872
78.8544	-19	315.046
2
54.4187	-0.334071
89.2988	19	28.9996
0
146.059	0.122182
0
88.6993	1.16198
0
133.332	0.341765
4
40.1535	-0.13072
87.6342	19	21.9453
112.325	19	14.8462
2
45.0585	0.116199
27.3654	15	139.929
2
54.7595	0.167841
57.0241	-15	278.492
0
8.38969	0.186385
2
12.1376	0.757009
33.2474	-15	323.261
4
73.3743	0.0704102
93.3544	19	43.4535
88.1936	-19	307.85
0
129.849	-0.107534
0
149.766	0.789975
2
77.4404	-0.53475
15.239	15	165.977
4
38.9	-0.922878
55.7525	-15	320.127
49.855	15	55.4719
2
2.18693	0.208514
16.7218	15	45.5014
0
123.372	0.0253716
0
134.743	1.1117
2
57.7889	-0.403629
56.1631	15	96.0253
0
129.558	-0.0163763
0
127.383	-0.710092
2
20.0905	0.0262374
32.1587	-15	308.77
0
133.566	1.1463
2
19.1538	-0.0225159
40.6933	15	34.8935
4
87.2632	-0.355684
95.8735	-19	294.788
88.9391	19	85.0514
4
85.8787	-0.144666
99.7951	-19	306.43
93.3937	19	68.568
0
37.0213	-0.272513
0
143.574	0.187598
2
110.694	0.717962
100.147	19	119.98
0
145.723	-0.373973
4
5.66037	0.971226
21.096	15	42.2664
55.6554	15	15.6743
4
85.6928	-0.4898
113.714	-19	326.552
108.864	19	40.0675
4
3.46571	-0.209637
56.5186	15	15.997
45.1387	-15	340.459
0
138.018	0.47569
4
67.9804	0.118513
45.3255	-15	213.717
103.229	19	28.1765
4
93.0774	0.0840867
99.2328	19	71.9746
100.165	-19	290.375
4
59.2184	0.120234
60.7387	15	84.1664
81.5182	-19	319.39
2
64.7006	-0.341056
37.5312	15	150.549
4
63.781	0.0652586
56.9577	15	114.554
82.4108	-19	314.338
0
0.220883	-0.537749
0
132.014	-0.468468
4
90.0933	0.0104535
94.8564	-19	284.066
91.0087	19	87.24
2
5.23332	0.271243
20.1908	15	44.5586
4
62.838	1.07961
48.7909	15	135.259
114.866	-19	338.897
0
152.056	0.193149
4
43.3586	-0.104799
102.634	-19	342.319
91.5381	19	21.63
6
28.0448	0.105907
34.3275	15	67.1286
34.4598	15	66.6981
29.8142	-15	276.681
2
117.799	-0.293398
118.236	-19	271.338
4
88.6978	0.697481
96.9322	19	65.7769
92.7858	-19	281.725
4
14.7227	0.147709
111.344	19	11.0406
32.3959	-15	319.4
4
24.1336	0.870679
20.5969	-15	257.437
30.2619	15	66.552
4
100.759	0.744137
98.2447	19	97.8402
109.825	-19	294.664
2
6.88744	0.411174
17.8688	15	53.0303
0
148.494	0.178978
4
104.429	0.583417
97.9837	19	109.289
119.057	-19	306.759
4
80.3982	0.0943766
85.221	19	75.689
81.3855	-19	272.96
2
77.7611	-0.557963
88.7137	-19	300.706
6
42.3225	-0.611825
51.3703	-15	302.163
40.9653	15	94.9686
51.8741	15	58.5409
2
103.169	-0.976345
91.1857	-19	236.382
6
93.2102	-0.67082
87.7266	19	105.577
90.2062	19	98.6828
104.689	-19	302.057
0
130.974	-0.195191
0
128.736	0.109727
6
39.4239	0.67289
26.6257	-15	230.765
22.2713	-15	222.419
60.5001	15	34.2069
4
48.0461	-0.491369
58.1415	15	56.9086
51.7624	-15	284.367
4
88.9495	0.242148
105.378	-19	310.49
111.091	19	40.2702
0
113.174	-0.447036
2
51.1147	0.493341
41.2162	15	124.307
0
140.192	0.060211
4
83.6256	-0.234842
87.8827	19	77.5204
85.9885	-19	277.177
4
86.4916	-0.448033
88.799	19	83.2336
107.849	-19	319.022
4
40.2278	-0.343854
35.9658	15	105.524
52.1151	-15	309.045
2
141.678	-0.997258
84.0527	19	160.862
4
19.0308	0.257339
53.0573	15	23.4256
47.3938	-15	331.723
2
118.965	-0.54367
118.55	-19	268.713
2
44.179	-0.65632
24.3538	-15	215.886
0
149.639	0.534466
4
17.6525	0.110478
104.717	-19	347.62
35.3718	-15	319.543
2
45.7765	0.63979
58.1248	-15	308.293
4
45.0829	0.19634
46.3436	-15	274.742
55.4686	15	54.948
0
4.93035	-0.0180808
0
151.517	-0.400831
2
15.4403	-0.227912
56.4664	15	20.3637
0
51.7096	-0.171879
4
7.04582	0.545214
15.4803	15	59.7361
21.2396	15	45.522
4
43.4114	0.655531
42.5973	-15	267.023
48.2369	15	71.4067
4
50.9862	0.119379
52.653	15	83.6086
54.0893	-15	281.598
4
79.5571	0.486416
75.571	19	102.151
90.9196	-19	300.246
2
24.7939	0.211552
59.6093	15	23.0142
0
107.981	-0.0430685
2
95.8801	-0.423015
57.6789	-15	200.886
0
67.2026	-0.665967
2
75.8706	-0.415007
113.258	-19	333.568
2
99.513	0.315919
44.4645	-15	195.548
0
142.651	-0.359313
0
100.354	-0.143328
4
74.1718	-0.176226
54.8702	15	141.823
108.248	-19	331.083
2
7.39649	-0.162408
44.0789	15	22.4574
2
95.7323	-0.179841
46.2798	-15	196.683
2
18.3929	0.626192
111.109	-19	348.048
4
37.7152	0.489381
21.939	-15	224.474
60.8745	15	32.0694
0
55.3229	-0.41626
0
89.8762	-0.753686
0
118.459	-0.00880557
4
59.6746	-0.298081
79.7458	19	43.8749
90.9416	-19	329.115
0
16.3778	-0.0424067
2
26.8403	-0.283799
46.4105	15	37.9889
0
107.189	0.310667
0
147.101	-0.190861
4
82.5623	-0.295604
83.8441	19	86.1994
92.4372	-19	297.832
0
117.146	-0.588231
2
11.8685	0.681285
25.7393	-15	311.494
0
7.04571	-0.837902
0
65.1516	-0.00907746
0
121.843	-1.15402
4
19.2033	-0.0244162
23.1729	-15	284.846
20.7204	15	84.2341
0
93.8915	0.115908
4
99.0605	-0.375059
104.475	19	74.3872
110.112	-19	300.684
0
69.7826	1.24251
0
128.044	0.308237
4
87.8793	0.53032
83.6103	19	103.015
96.5276	-19	293.885
4
64.1064	-0.428779
96.4193	-19	330.113
77.153	19	56.1182
4
64.8274	0.22382
89.5164	-19	322.094
83.3163	19	45.4417
4
47.2774	-0.223782
99.9313	19	20.057
81.7619	-19	331.432
2
7.00817	0.264156
17.8386	15	53.6852
0
58.4017	0.706595
4
69.7865	-0.154527
89.0431	19	44.8478
83.7343	-19	306.506
4
104.319	-0.360261
110.877	19	71.2873
105.003	-19	272.1
2
105.596	0.350204
58.8116	-15	198.165
4
37.669	0.473172
97.3037	-19	341.916
83.1726	19	22.1537
0
150.141	-1.04404
0
137.735	-0.115487
4
62.423	0.212554
54.8469	-15	243.526
85.2204	19	39.4921
0
128.885	-0.360311
4
93.2363	0.00320545
90.6717	-19	262.314
101.866	19	65.5699
2
127.489	-0.0673412
116.363	-19	239.558
0
119.834	-0.253234
2
105.674	-0.119793
85.4156	-19	222.983
4
18.1364	-0.607624
22.5875	15	74.0823
18.6761	-15	272.148
2
26.3174	0.484218
92.5567	-19	343.609
0
137.075	0.711615
0
43.8888	0.0848175
0
8.68116	0.00804665
0
137.906	-0.257508
4
18.2525	-0.18208
27.5062	15	58.6372
21.2405	-15	281.401
6
14.8166	-0.0602435
26.4251	15	52.3748
25.3234	-15	305.118
19.388	-15	287.013
6
22.051	0.205262
34.7722	-15	309.917
25.3912	15	77.2774
31.1709	15	58.3491
2
104.906	0.14958
21.0019	15	169.963
4
83.6323	-0.986283
113.789	19	33.5341
100.993	-19	313.943
0
139.064	-1.06089
2
39.0926	0.337597
20.3052	-15	219.227
4
107.405	1.31195
105.616	-19	264.967
112.27	19	74.6196
0
15.6105	-0.00939831
0
140.828	-0.714958
0
149.158	0.528699
2
5.647	-0.410164
47.6036	15	20.1677
2
98.8062	-0.389395
75.2759	19	140.511
0
136.101	0.0269766
4
71.221	-0.347625
74.8724	-19	281.076
84.1258	19	56.2968
0
135.305	0.399179
0
135.822	-0.223341
2
39.3417	-0.267243
30.3187	-15	238.515
0
150.308	-0.0975326
4
85.2941	0.660071
79.2326	19	108.289
118.625	-19	329.466
2
56.6069	0.32761
80.927	19	37.5161
2
80.5931	1.28483
111.879	-19	327.042
2
43.2183	0.243576
50.2834	15	64.4159
0
74.1637	0.317176
4
41.95	0.330423
22.443	15	143.056
83.0025	-19	334.786
2
13.5069	0.549945
105.63	19	11.3251
0
8.62936	0.00608966
2
71.665	-0.0761927
84.1252	19	56.8484
2
110.83	0.785651
95.3694	19	130.324
6
77.0606	0.0994983
79.1438	-19	276.225
73.8429	-19	260.437
82.9784	19	72.6145
2
126.898	0.204732
49.2265	15	169.215
4
65.6831	-0.660132
50.5304	-15	223.421
96.4135	19	32.6096
2
125.048	-0.152676
97.9779	-19	214.847
4
65.61	-0.143554
93.9413	19	34.047
75.692	-19	298.132
4
47.7768	0.223107
39.1348	-15	240.417
59.5794	15	51.3848
2
1.57271	0.0646338
46.1439	15	18.5255
0
2.45446	-0.355011
4
10.6851	0.22036
14.9803	-15	285.759
16.6853	15	67.9041
4
13.3434	0.104737
44.2538	-15	333.957
33.1172	15	36.9901
4
56.1486	-0.144721
40.6737	-15	223.83
81.4519	19	37.1115
2
3.54724	-0.247691
17.6848	-15	313.781
4
33.8026	0.177483
37.2601	15	76.8698
35.7614	-15	277.354
0
134.519	-0.4052
4
53.2846	0.206773
56.0491	-15	280.303
53.3727	15	89.6587
0
65.4893	-0.109082
2
121.398	0.606091
101.11	19	137.803
4
73.9354	0.63073
85.1457	19	58.6055
81.8475	-19	291.952
2
75.6491	0.934094
96.8222	-19	316.726
0
135.618	0.247925
2
46.9376	0.466214
102.544	19	18.4335
2
70.9234	0.410052
84.6308	19	53.5966
0
37.1549	0.404165
2
109.686	-0.16251
116.011	-19	288.559
4
103.951	0.908952
93.2336	-19	241.705
117.718	19	52.7301
0
119.928	-0.232146
0
153.777	-0.29588
0
112.732	0.158086
2
6.69054	0.379842
32.8548	15	29.1957
2
131.639	0.0681454
117.373	19	127
2
91.2301	-0.531865
111.74	-19	317.999
2
51.1213	-1.32134
100.233	19	22.4788
2
107.592	0.376199
94.9784	-19	236.936
4
73.9649	0.245349
92.1834	19	45.8306
87.6277	-19	305.372
0
117.962	-0.40835
4
84.8642	-0.107125
110.124	-19	323.206
104.26	19	44.5701
2
85.4296	0.519304
24.4399	15	166.644
0
107.134	-0.249379
0
142.937	0.183206
2
0.309106	-0.881756
102.75	19	10.9835
4
20.6389	0.0220813
23.0666	-15	279.18
21.2011	15	87.8504
2
82.4703	0.548691
53.3415	15	153.613
2
9.65531	0.212512
13.8362	15	74.2127
0
30.1146	0.0994311
2
38.648	-0.0178556
86.8333	-19	338.498
4
20.4101	-0.461202
13.3358	-15	244.053
31.3024	15	54.8355
2
130.077	-0.00364849
112.956	19	132.016
6
24.894	0.0263104
15.5718	15	121.905
16.7165	15	118.64
41.1968	-15	317.333
2
68.3184	-0.0339347
89.9943	-19	318.815
4
52.2291	-0.33836
17.4507	-15	202.859
113.202	19	17.5972
6
67.8815	-0.596327
116.082	-19	339.102
95.0657	-19	325.902
89.5528	19	42.1215
2
80.3724	-0.309734
102.33	-19	319.595
2
136.701	0.438532
89.7646	19	158.423
0
125.966	0.884443
4
78.0594	0.356472
83.6926	-19	286.226
79.8415	19	84.5399
4
38.1646	-0.794365
35.4521	-15	259.19
47.8399	15	58.5091
0
115.529	0.726406
2
146.683	0.325849
103.021	19	156.844
4
86.222	0.436086
95.2495	19	64.0667
88.2176	-19	275.862
2
118.345	0.823042
89.9708	-19	214.939
4
45.3803	-0.179528
50.9919	-15	290.739
48.0079	15	80.1794
4
73.2968	0.0751143
90.1508	19	48.3126
74.2247	-19	272.785
0
131.897	0.705832
2
114.393	-0.554981
98.9081	-19	229.985
0
130.893	-0.12343
4
34.1613	0.150827
39.7439	-15	290.227
43.8531	15	56.868
0
48.4989	0.0683753
0
135.203	-0.222753
2
86.9236	-0.32634
114.458	19	35.0648
0
152.592	0.424245
0
152.797	0.413009
2
57.1879	0.672092
52.5542	-15	253.529
4
26.798	1.03093
23.1017	-15	257.016
35.6308	15	57.6944
0
86.753	-0.673085
0
135.963	-0.152157
0
130.273	-0.12596
0
126.598	0.147529
4
64.9712	-0.979728
55.616	15	120.346
98.5177	-19	331.757
2
16.9512	-0.24267
55.7126	-15	339.157
2
9.51211	-0.603325
16.4098	15	66.1514
2
8.38402	0.634463
15.2837	-15	293.812
0
130.712	1.33967
4
54.2211	0.656214
107.183	19	19.1039
100.168	-19	336.838
0
149.195	-0.875054
0
131.645	-0.276108
4
79.9938	0.46605
102.768	19	39.1391
93.7772	-19	305.301
0
66.1142	-0.629643
4
80.7503	-0.799611
103.767	19	40.7033
111.852	-19	329.664
0
152.773	-0.201145
4
46.5889	0.0308009
46.3768	15	90.8118
53.2654	-15	293.95
0
114.67	-0.00082623
2
10.2333	0.865582
14.9944	15	71.3842
2
117.985	-0.461712
119.536	19	85.4446
4
91.7885	-0.334456
78.2423	-19	234.03
110.584	19	45.8098
4
67.8622	0.415032
52.5226	15	136.445
98.9148	-19	327.985
0
138.483	-0.026471
4
26.708	0.561574
49.6323	-15	325.83
36.7236	15	55.2521
4
35.166	0.384107
50.0242	-15	314.004
41.2226	15	67.4914
0
130.12	-0.306511
4
74.8896	-0.348981
74.3275	19	91.664
88.0259	-19	305.158
0
118.906	0.654709
2
55.4811	-0.659315
113.706	-19	342.516
0
114.453	-0.36735
4
30.8467	0.207728
25.4855	15	109.922
51.5	-15	323.635
0
130.864	0.17407
4
35.2131	-0.746085
38.4991	-15	282.982
37.2857	15	82.5013
0
150.297	-0.194504
4
10.4073	-0.119905
26.6696	15	42.9153
17.0974	-15	294.209
2
102.538	-0.427087
86.9026	-19	229.908
2
54.169	-0.195682
42.7982	15	126.807
4
5.81505	-0.970527
33.6945	15	29.8059
20.6174	-15	316.536
4
45.9592	0.779578
52.4848	-15	292.468
45.971	15	89.9522
0
69.6149	-0.172842
4
63.4321	0.754984
92.2861	-19	325.602
80.3755	19	47.1184
4
71.0418	0.0568199
89.5908	-19	314.226
84.6975	19	54.213
2
119.767	0.303314
114.844	-19	255.692
2
70.8724	-0.301966
81.4491	19	61.2789
2
43.6331	0.446067
60.6294	-15	317.736
2
102.517	0.0182292
38.5193	15	166.824
0
4.28125	0.743482
4
77.177	0.0727976
77.0689	-19	269.675
80.8615	19	78.9842
0
134.503	0.42982
0
0.00330937	-0.363188
0
113.167	0.445941
4
48.554	0.117586
20.7029	15	151.882
119.882	-19	344.996
2
9.45251	0.225498
59.0863	15	16.5767
4
44.7962	0.829897
30.5615	-15	228.037
85.67	19	23.9671
0
20.1207	0.286136
6
33.8327	0.95971
38.624	-15	286.71
33.8121	15	90.0843
38.9773	15	69.8764
4
36.7568	0.0773306
28.0333	15	120.31
51.2273	-15	313.824
2
19.4672	-0.425728
33.9309	-15	314.782
2
10.4334	-0.0442613
33.7713	15	32.807
2
59.1799	0.191515
57.8766	15	95.0296
0
141.572	0.257018
4
75.4894	-0.058019
86.4158	-19	299.978
78.4737	19	81.1002
2
111.908	-0.838868
115.794	-19	282.077
4
33.6247	0.362834
57.5959	-15	327.345
41.0604	15	63.0694
4
20.6369	-0.33636
33.065	-15	310.283
30.0132	15	58.5591
4
119.625	-0.250605
105.914	-19	233.823
98.5048	-19	221.598
0
105.774	0.131977
2
109.378	-0.109218
74.6884	-19	208.572
0
87.363	0.0651499
0
64.5925	-0.111119
0
108.482	0.198838
4
80.5177	-0.0892024
108.437	-19	325.889
98.9585	19	45.9898
4
50.058	-0.141916
48.6462	-15	264.572
57.0707	15	65.1497
4
15.5052	0.89561
54.5054	-15	337.825
38.5182	15	31.5036
2
6.65938	0.279299
13.8409	15	63.9944
2
0.798394	0.691004
110.908	19	9.44073
0
92.0714	-0.585295
0
57.1887	-0.261269
4
67.3806	0.505541
45.7235	-15	215.601
99.3936	19	30.0158
4
71.8686	0.106245
57.5489	15	133.874
95.4706	-19	321.009
2
112.01	1.50076
96.3911	-19	232.698
4
72.3596	0.0239077
101.755	19	32.844
94.9034	-19	319.84
4
13.9591	0.0114759
25.2653	-15	306.986
21.7872	15	62.423
2
67.0045	-0.666899
76.6715	19	63.8242
2
21.8995	0.300044
99.8978	19	13.4821
0
20.4313	-0.859904
4
38.9429	-0.449399
27.333	-15	231.414
55.0258	15	43.8491
4
13.9405	0.120923
22.7992	-15	300.364
18.1305	15	74.2727
4
102.097	-0.0174533
94.0578	-19	247.046
118.573	19	49.0962
6
43.9527	0.42461
43.6832	15	91.0593
53.0374	-15	300.497
46.6815	-15	280.033
2
12.0568	0.232802
38.478	15	29.2015
6
63.9825	-0.896958
78.8089	19	53.308
81.2066	-19	313.575
46.0628	-15	218.203
0
119.423	-0.243477
0
128.01	0.886069
2
71.2911	-0.0567286
82.2335	19	60.1355
2
47.7301	-0.624574
59.1746	15	53.7785
4
83.5637	-0.608453
83.1152	-19	268.603
104.254	19	43.4623
0
121.171	0.493006
4
84.3987	0.914816
75.0878	-19	244.942
96.6339	19	55.9204
0
102.933	0.0227558
2
114.125	0.293637
116.484	19	82.8116
4
49.3557	0.264449
51.6372	-15	278.5
52.709	15	77.1798
4
33.1698	-1.18926
50.3311	-15	321.174
47.5318	15	48.4227
6
81.046	-1.25911
86.7109	19	74.3777
83.7047	-19	278.523
80.1985	-19	267.265
0
44.7414	-0.228681
0
127.086	0.0681969
2
11.2071	-0.333814
41.8934	-15	334.455
0
58.1072	-0.0837262
2
124.751	0.0778075
112.303	-19	236.875
0
138.163	0.391465
4
74.6756	0.642474
85.7122	19	58.9857
79.1909	-19	282.946
0
35.333	0.00292096
0
151.198	0.621618
4
43.699	-0.019659
44.8358	15	85.6717
47.8089	-15	285.342
2
71.671	0.736659
76.702	-19	284.301
0
5.72185	-0.188661
4
75.4037	0.0558039
54.995	-15	216.417
107.319	19	30.6922
4
92.6632	0.261676
113.921	-19	317.821
97.6955	19	74.9675
2
56.9461	0.132096
60.4911	15	76.5893
0
52.8363	0.470979
0
148.814	-0.0572679
4
88.3347	0.606486
98.466	19	61.1535
91.9843	-19	280.545
0
141.702	0.604513
2
20.5568	-0.0836848
116.062	19	11.3
4
40.2078	-0.856462
48.1416	15	63.4188
44.3465	-15	286.31
0
141.38	-0.182027
0
129.288	0.412887
4
21.256	0.556304
22.2376	15	86.1123
23.1285	-15	276.864
0
31.8097	-0.241055
6
92.4948	0.0987972
105.829	19	54.7987
113.828	19	41.5408
103.719	-19	300.443
2
130.512	-0.289422
115.118	19	128.592
0
146.837	-0.2639
2
9.27992	-0.0501601
21.8909	15	50.0394
4
96.5858	-0.477857
91.1049	-19	253.516
110.917	19	53.6561
4
89.9484	-0.126007
108.004	-19	313.73
103.259	19	55.1646
2
121.503	-0.489748
48.7175	15	167.986
4
86.3761	0.349492
75.4953	19	120.259
102.075	-19	309.054
4
71.8839	-0.327429
54.8604	-15	220.758
104.91	19	30.3371
0
143.241	-0.270868
0
40.5916	-0.173989
4
53.5332	-0.574228
48.4716	15	108.004
83.8412	-19	328.702
4
39.8812	0.550898
51.4194	15	51.3911
51.7591	-15	307.373
0
59.5396	0.158147
4
9.64051	-0.0797135
37.8656	15	28.1141
34.8787	-15	329.409
2
53.5544	-0.370456
45.0866	-15	239.937
4
71.0212	0.701829
87.2357	19	48.455
79.7855	-19	293.982
4
95.4166	-0.398078
95.6977	19	89.1698
101.543	-19	288.228
0
37.5496	0.0827351
0
154.098	-0.0805621
0
154.298	-0.260104
4
74.0606	0.243733
88.9845	-19	307.794
83.8762	19	62.3759
4
61.1016	0.396088
43.2324	15	140.742
96.1884	-19	331.066
0
153.784	-0.110757
4
87.0526	-0.0403593
98.4559	-19	301.025
97.19	19	61.9684
0
7.07335	-0.257211
2
118.186	-0.339206
111.79	19	108.301
4
20.8191	0.0300375
30.7607	15	56.4117
27.4125	-15	293.686
2
93.4849	-0.453231
99.0988	19	73.9026
2
18.45	0.0616299
31.7333	15	48.3563
2
105.603	-0.692554
91.7595	19	125.106
4
56.7861	-1.36022
46.7862	-15	233.753
82.7132	19	38.1421
0
141.244	0.0865251
0
33.6855	0.0461503
2
2.93996	0.158968
15.6902	15	49.3335
2
117.416	0.409893
96.834	19	137.912
6
19.7894	-0.12061
29.4249	15	57.4928
33.2217	15	48.3838
25.3948	-15	290.643
0
125.292	0.0443143
4
62.754	-0.506744
57.8045	-15	251.145
78.3058	19	51.4363
2
122.389	0.300136
104.511	-19	227.191
0
8.01898	0.336905
2
9.98381	0.0464179
24.0466	15	46.7585
0
109.144	-0.104273
2
110.39	1.21289
112.78	-19	276.745
2
120.94	0.21754
95.8379	19	143.195
2
56.1778	0.804732
55.6608	-15	268.126
4
22.564	0.580109
35.9148	15	47.2044
32.9431	-15	303.671
0
130.481	-0.368435
2
121.902	-1.25563
118.885	-19	260.351
0
112.808	-0.738161
4
30.7039	0.385046
101.495	-19	344.686
41.133	15	54.4887
0
112.307	-1.21158
2
131.145	0.301375
58.925	15	168.496
4
33.2266	0.229673
32.4993	-15	267.266
43.3259	15	55.6375
4
51.0189	0.254802
49.1129	15	97.3655
55.9662	-15	287.968
0
22.0415	-0.219356
2
49.2437	-0.217289
40.7254	-15	240.048
2
90.4941	-1.13636
92.6107	-19	276.757
2
53.613	0.862786
54.7857	15	85.2579
0
67.9735	-0.303308
4
78.7377	0.0703669
81.0045	19	83.1716
83.284	-19	283.409
0
150.591	0.483912
0
49.6444	0.330497
0
153.767	-0.0298687
4
22.9396	-0.822251
93.183	-19	345.491
43.5681	15	37.4885
4
13.423	0.378064
24.6891	15	52.3859
18.576	-15	288.525
4
112.14	-0.376471
114.574	-19	277.445
108.984	-19	260.382
2
102.12	0.33983
46.4131	15	165.256
2
2.38352	0.17126
28.0818	15	29.9864
2
37.4081	0.451384
57.499	-15	322.437
0
139.194	0.237018
4
43.006	0.215951
48.5472	15	69.4536
43.6773	-15	272.526
4
88.9204	1.26389
84.3785	19	104.364
101.431	-19	301.69
4
90.0093	0.319265
91.5611	19	85.2511
94.8023	-19	283.933
4
58.5944	-0.281373
109.661	19	20.6853
91.7418	-19	330.546
6
35.584	-0.655513
38.4294	-15	281.22
35.2178	15	91.3397
38.0004	15	81.2259
0
114.625	0.369162
4
100.205	0.348783
100.765	19	88.281
103.368	-19	279.282
4
15.3891	-0.603413
17.0109	-15	276.428
18.9925	15	76.9964
2
65.8509	0.0236368
119.555	19	19.4608
4
42.0973	0.263485
19.1689	15	147.27
88.5931	-19	337.495
2
63.1495	-0.361954
79.9511	19	49.0498
4
57.863	0.344057
44.8153	15	131.678
102.973	-19	336.789
4
83.4403	0.437197
73.567	19	118.008
97.9539	-19	306.748
2
1.19538	-0.43535
56.9508	-15	345.36
4
65.0396	-0.806535
48.617	-15	220.836
93.7418	19	34.6084
4
109.457	1.00067
117.339	-19	291.509
110.274	19	87.3994
0
131.36	0.578821
2
74.0494	-0.421579
35.7392	15	158.073
2
104.868	-0.2044
93.0701	19	121.564
0
127.557	-0.282325
0
21.8798	1.41362
4
100.415	0.608816
116.177	-19	308.792
108.554	19	66.1287
4
37.5249	0.0827215
30.1358	-15	243.899
50.7611	15	48.417
2
7.64672	0.0119735
22.681	-15	315.043
0
127.527	-0.400516
4
10.2197	0.0866419
17.7636	-15	296.567
17.0677	15	65.3359
0
136.882	0.812054
0
53.5537	0.0473635
0
33.8993	0.331378
2
5.7841	0.563119
14.1649	15	59.8643
2
52.6865	0.665957
49.4557	15	102.702
6
76.4472	-0.230395
80.7285	19	77.4487
81.9223	19	74.1078
78.5242	-19	276.315
0
101.704	0.856493
2
106.902	0.38326
23.1138	15	170.104
0
3.76199	-0.398869
2
119.922	-0.178568
118.43	19	94.4497
0
111.337	-0.06388
4
99.4269	-0.630938
107.196	-19	292.926
103.767	19	77.5332
0
148.345	0.412214
0
134.249	0.410043
2
14.8232	-0.494299
55.1649	15	21.0106
2
35.2155	-0.407423
117.875	19	13.2131
0
116.475	-0.251741
2
64.6201	-0.0162485
99.0564	19	28.9081
0
119.745	0.290151
0
133.82	0.266195
2
23.1437	0.191792
52.8187	-15	332.89
2
152.891	-0.0261303
57.6799	-19	191.27
0
97.1796	0.468889
4
34.6278	-0.302141
28.2323	15	112.682
48.1275	-15	312.567
4
95.9415	-0.404999
98.6607	-19	278.319
101.236	19	74.7382
0
141.103	0.659679
4
116.074	0.828885
118.38	-19	276.635
117.454	19	85.6575
0
148.006	-0.11685
4
97.8966	-0.197237
117.957	19	43.7406
99.7738	-19	275.701
2
10.8613	-0.914437
19.5814	15	61.2798
4
72.056	0.245659
57.1748	-15	225.693
96.9607	19	36.9814
0
146.831	1.23966
0
142.902	0.031088
0
154.735	-0.59789
4
28.5771	0.0376953
14.1643	-15	226.216
49.794	15	35.1918
2
92.0096	-0.705976
33.065	-15	193.631
4
73.2981	-0.728695
58.577	-15	224.111
99.2977	19	37.1915
0
52.2474	-0.141112
0
108.662	0.164251
4
100.316	-0.531972
107.686	-19	291.753
101.079	19	87.7638
0
136.111	0.0571168
4
113.66	-0.0574187
114.512	19	87.4394
116.558	-19	278.699
4
27.1746	-0.493512
29.1454	15	82.7508
28.0175	-15	273.325
0
112.549	1.2027
0
91.6763	0.605343
4
11.5343	0.907322
21.418	-15	301.854
13.8087	15	80.8321
2
53.8522	-0.695393
79.903	-19	324.906
4
54.5676	0.472519
59.9949	15	69.5152
59.9022	-15	289.023
0
110.265	0.0642193
0
121.599	0.928107
2
13.6792	-0.115588
23.3882	-15	303.116
4
50.7613	-0.53842
54.6753	15	75.862
51.7903	-15	274.07
4
43.3035	0.12084
103.406	-19	342.352
43.4317	15	89.5065
2
115.804	0.547582
96.8443	-19	225.875
4
68.0148	-0.83145
45.6714	-15	212.38
119.304	19	21.1396
4
42.2084	0.72787
53.1986	15	52.4023
50.5685	-15	297.993
6
17.8877	0.880721
22.3771	-15	285.785
15.4609	15	99.7525
23.4702	15	68.4272
4
96.8772	-0.659919
41.3364	-15	194.477
115.437	19	46.6491
4
15.7408	0.0716115
27.3311	15	52.1745
23.8299	-15	298.223
4
84.9843	0.607478
111.129	19	35.1255
89.4687	-19	282.883
4
63.9826	0.220141
55.2834	-15	240.25
78.9814	19	51.3869
4
51.818	0.0499948
101.152	-19	338.886
91.2687	19	25.6572
4
70.961	0.480266
116.854	-19	337
105.644	19	28.1008
0
94.9197	-0.205036
0
143.452	-0.136608
0
143.694	0.869747
0
19.9163	-0.573898
2
39.0362	0.0627631
21.4103	-15	220.517
2
68.7152	0.625026
88.4194	19	43.0009
4
91.9938	-0.804634
97.764	-19	287.595
93.7333	19	84.9804
0
74.2122	-0.50119
2
79.3532	-0.443722
93.6248	-19	307.564
0
134.412	-0.102805
2
127.175	0.561755
82.4259	19	157.606
4
106.604	0.700637
95.9806	-19	241.664
117.776	19	58.597
2
10.2348	0.530822
97.5473	-19	347.391
4
5.4754	0.354555
60.2287	15	14.9749
51.8336	-15	341.674
0
87.0587	0.633438
2
112.233	-0.31568
107.618	-19	256.125
2
108.882	0.0650139
116.358	-19	291.411
4
73.497	-0.00779042
84.0326	-19	299.018
80.0925	19	70.8639
2
79.5761	-0.992907
115.517	-19	333.388
2
79.0803	0.505186
104.424	-19	322.418
0
125.857	0.463793
0
134.911	-0.159791
4
46.569	0.514274
36.8201	15	123.941
60.6848	-15	312.298
0
49.7907	0.868367
4
76.3939	0.0413582
89.3683	19	55.614
87.3477	-19	299.91
2
67.621	0.322139
83.3623	19	49.8766
0
147.216	-0.63957
0
151.514	-0.0665432
2
115.601	0.361548
105.609	-19	242.703
4
100.118	-0.378332
89.4998	-19	240.308
118.277	19	46.8598
0
153.45	-0.712422
4
88.682	0.133087
82.3958	-19	251.812
98.5009	19	62.5063
0
114.115	-0.00555405
0
122.517	0.778005
0
141.216	-0.299886
4
90.1722	-0.0681518
89.9679	19	90.6138
114.439	-19	322.04
2
108.979	-0.103133
85.5598	-19	218.9
2
74.8069	-0.113075
93.3303	19	45.8976
0
128.131	0.51351
4
30.8853	0.615607
27.0814	-15	256.309
43.4182	15	48.9349
4
60.6826	0.103588
100.512	19	25.3811
84.587	-19	321.369
2
34.3996	-0.229523
53.3425	-15	322.055
4
19.8853	0.35033
41.7775	15	33.7894
34.1605	-15	312.922
2
16.7261	-0.123256
30.0303	15	48.6613
4
48.8094	0.318132
56.1971	15	63.289
50.7006	-15	277.038
0
138.637	-0.111499
2
103.293	-0.322735
98.012	19	-254.714
2
74.9878	0.456672
45.6648	15	153.62
2
103.16	-0.769953
53.788	15	162.286
2
104.13	0.0375212
33.3386	15	168.066
4
61.3349	-0.533825
50.6788	-15	233.624
84.2342	19	40.4653
0
127.047	-0.667656
2
82.3917	0.847459
108.018	-19	322.243
2
9.64085	0.490251
46.175	15	21.6608
4
69.8754	0.25231
97.0407	-19	324.675
89.1182	19	44.2532
0
113.038	0.0414437
0
1.65187	-0.240477
2
55.4379	0.581852
45.7086	-15	238.019
4
39.9221	-0.234488
43.3311	15	77.3868
41.9282	-15	277.737
4
88.6758	-0.0947013
94.5654	-19	287.303
99.398	19	60.6847
2
11.1764	0.36371
45.815	15	22.9061
0
85.2329	0.743558
0
67.6073	-0.179801
0
77.8251	0.00341223
2
8.95204	0.641336
16.2705	-15	295.074
0
60.0847	0.0185539
2
109.641	0.225849
95.4797	19	127.028
0
131.076	-0.595322
4
111.975	0.151926
115.941	19	78.1175
118.917	-19	289.924
0
149.445	-0.486536
4
16.6894	-0.054208
35.1889	15	39.1374
30.6214	-15	312.99
0
130.657	0.503584
2
72.6577	0.106374
90.6419	19	46.4127
0
17.7735	0.31895
0
19.4053	0.117959
4
41.6155	1.17714
21.9786	15	144.857
83.8912	-19	334.486
4
62.7992	0.0212226
43.0688	-15	217.283
99.7299	19	27.1988
2
7.40483	-0.880623
31.2523	-15	329.372
2
18.7765	-0.965758
28.4316	-15	304.527
2
102.818	0.269718
87.3634	19	129.526
2
44.6695	0.681005
73.7468	-15	331.663
0
67.3112	0.000514861
2
116.299	-0.454055
106.587	19	116.53
0
125.092	-0.413611
4
86.9986	-0.0345413
106.872	-19	316.339
98.0951	19	59.7593
4
29.7526	-0.339516
55.2191	15	31.0622
48.8422	-15	322.476
2
88.8518	0.460733
115.341	19	34.9871
0
11.8034	0.0445373
0
77.5355	0.563944
4
25.4243	-0.136341
30.4843	15	71.5158
29.4267	-15	285.071
0
125.702	0.244505
2
68.4773	0.358158
34.183	15	156.88
0
146.396	-0.648374
0
148.715	0.19446
4
52.8096	0.298027
110.696	-19	341.563
98.0895	19	22.4421
0
128.894	-0.41677
2
28.892	-0.213365
56.6035	-15	331.916
4
68.0776	-0.831534
76.0324	19	68.1434
100.957	-19	331.076
4
57.0987	-1.52945
97.1804	19	27.1211
79.8364	-19	322.463
0
141	0.0852923
2
54.2055	-0.439027
55.6518	15	84.6482
4
70.6002	-0.803413
92.8481	-19	320.72
81.5707	19	61.015
4
38.1736	0.269294
26.2907	-15	232.109
53.1729	15	44.4823
4
102.9	0.618718
106.403	-19	280.125
107.251	19	76.6814
0
110.348	0.493982
0
6.87028	-0.112955
4
87.6133	0.18541
103.143	-19	308.988
96.7709	19	64.0467
2
89.6808	-0.484583
119.987	-19	328.578
2
22.8547	0.660201
44.9617	-15	324.687
4
48.6907	-0.525069
34.112	-15	224.795
33.53	-15	223.674
2
100.969	0.88027
98.7062	19	97.1175
2
53.8107	-0.293774
57.007	-15	282.262
2
10.693	-0.717932
18.0132	15	65.0277
2
134.793	0.510685
111.296	19	141.801
4
101.333	0.181135
114.413	19	55.1999
96.3507	-19	255.438
4
24.3869	0.0770994
44.1745	-15	322.695
32.4619	15	61.5813
4
100.88	0.458735
108.873	19	66.6805
102.461	-19	274.645
4
84.6531	-0.0113209
84.4438	-19	269.368
88.4567	19	78.6864
2
83.1905	0.0506217
49.9855	-15	204.383
2
143.592	-0.431439
106.322	-19	206.483
0
85.8097	0.659743
2
104.153	0.379664
117.708	19	53.9472
2
96.8713	0.903705
74.9557	-19	222.246
2
79.753	-0.438605
45.4613	-15	203.008
4
16.0456	0.193597
52.3623	15	22.1808
40.3199	-15	327.957
4
107.997	0.0541502
114.607	-19	289.132
110.695	19	81.8945
2
51.1212	0.666962
59.0141	-15	296.738
4
63.027	0.772457
49.1071	15	134.374
87.9354	-19	321.557
2
120.494	-0.0699224
75.3477	19	157.101
2
0.437832	-0.395238
35.1513	-15	337.182
0
150.265	0.0916976
4
81.0126	-0.0692895
82.6022	19	85.2348
83.1198	-19	276.352
4
69.0172	0.068844
51.6453	15	139.321
100.894	-19	329.112
2
5.3391	0.259912
13.7016	15	60.4324
2
83.8418	0.287334
107.254	19	38.6344
0
45.4627	0.122371
4
78.5935	0.579224
84.738	19	71.5531
79.9244	-19	273.889
4
97.3171	0.255663
115.381	-19	313.171
112.274	19	51.4124
0
130.506	-0.141671
0
137.549	0.232495
2
3.10673	0.498555
13.7776	-15	304.548
2
153.663	-0.418302
114.263	19	153.763
0
18.0621	0.418931
2
90.7505	-0.265862
117.384	-19	324.877
6
106.564	0.623386
107.449	-19	272.58
106.105	19	91.4323
114.273	19	67.2438
0
131.575	-0.637137
2
1.07896	-0.408548
14.5858	-15	312.789
4
36.7725	-0.308287
30.4151	-15	246.601
46.6567	15	57.1505
4
31.9847	0.899785
28.5633	-15	257.856
41.1346	15	57.0198
4
18.2171	0.232947
25.1128	15	64.9689
21.9591	-15	283.802
0
123.875	0.418937
2
110.707	0.788926
112.295	-19	274.586
4
37.5719	-0.689306
30.668	15	113.751
55.5725	-15	321.515
0
95.9387	-0.7271
0
137.441	0.166442
0
134.876	-0.490031
0
118.748	-0.241421
0
144.599	-0.262208
2
115.518	-0.377621
109.363	-19	251.71
4
21.3959	0.42263
25.0198	15	76.0395
23.7088	-15	278.529
2
34.901	0.155276
89.5919	19	19.0123
0
117.879	-0.227219
2
51.3548	0.805526
82.4472	-19	327.503
4
28.2228	-0.249397
32.4818	15	74.3956
48.8907	-15	324.485
0
122.63	0.259318
2
27.4494	-0.847774
111.938	-19	347.874
2
47.2219	0.4329
40.8141	-15	247.452
4
104.179	-0.175395
109.841	19	73.5485
105.012	-19	272.535
2
1.225	0.215478
32.7333	-15	334.224
6
44.8466	-0.666053
38.7617	15	111.227
44.1068	15	92.7036
52.4049	-15	297.803
4
24.863	0.194015
20.2212	-15	253.012
34.9928	15	55.6213
2
75.5359	-0.0762248
106.406	19	31.7137
2
85.6287	0.469429
116.186	19	31.2336
4
74.1163	0.183842
117.923	19	23.2451
104.486	-19	327.721
0
117.378	-0.354605
0
71.6012	-0.45987
4
108.685	0.941129
115.548	-19	288.992
111.049	19	82.5409
2
129.618	-0.0866818
109.212	-19	222.826
4
47.5891	0.251484
48.814	-15	274.592
59.306	15	51.5348
0
36.1869	0.439192
6
66.827	-0.241351
90.3747	19	39.253
116.259	19	21.2685
90.41	-19	321.5
0
143.898	1.52128
0
153.926	-0.194886
0
58.5437	0.3252
0
153.247	-0.238856
4
34.1269	0.305283
38.4132	15	73.7385
35.6848	-15	275.812
0
42.7656	0.341719
2
27.3761	0.269428
52.4094	-15	328.618
2
32.8121	-0.105116
55.9681	-15	327.249
2
68.6207	-0.453277
75.4723	19	70.5975
0
109.411	-0.370776
0
144.792	0.655311
2
53.8154	-0.481519
57.2883	15	77.3564
4
112.393	-0.600079
82.6856	19	146.584
91.004	19	137.499
4
57.2921	-1.02377
55.158	-15	261.318
103.4	19	23.4743
0
7.45498	-0.0788573
0
138.998	-0.201305
4
66.0749	-0.0378619
81.1134	19	51.6939
76.643	-19	299.132
4
93.9935	0.367625
87.4004	-19	251.2
104.176	19	61.3438
2
72.324	0.332773
76.1415	-19	281.17
0
6.90937	-0.509551
6
71.828	-0.404072
79.3299	19	68.8627
78.021	-19	288.419
76.8594	-19	285.14
4
68.3411	-0.503046
86.27	19	47.4081
77.7031	-19	296.846
0
147.67	0.342767
4
101.614	-0.635636
98.8292	-19	261.378
111.567	19	63.1189
4
88.6258	0.64649
87.5568	-19	266.885
94.7899	19	71.4352
0
89.3189	-1.07176
2
95.6504	0.274893
80.67	-19	232.146
2
116.5	0.528452
112.141	19	103.279
0
134.067	-0.0133329
0
25.3579	0.585669
4
32.5401	0.323504
25.185	-15	244.36
46.0554	15	47.3588
0
36.9953	-0.00139518
2
7.8632	0.192226
44.1448	-15	337.279
0
133.313	0.574065
4
17.3045	-0.103667
23.2413	15	68.5418
20.255	-15	281.203
2
137.782	0.183047
117.01	19	137.827
2
80.5998	-0.754752
101.783	-19	319.261
2
116.684	0.0979263
119.291	19	82.1481
0
128.897	0.237088
2
133.617	-0.80034
109.056	-19	216.538
4
23.5374	0.00392702
28.1656	15	72.8483
25.2227	-15	276.409
0
131.338	-1.44436
2
147.163	0.492419
118.325	19	147.309
0
3.24015	0.0140105
2
9.18333	0.0522036
19.2661	-15	303.816
4
25.2788	-0.0252414
91.9797	-19	344.12
59.3755	15	23.7814
0
110.113	0.160472
0
113.576	-1.72415
6
12.9936	-0.472398
16.9527	15	75.6471
30.4145	-15	320.175
18.2972	-15	290.056
0
11.4188	0.791952
4
30.3355	-0.906233
16.4216	-15	225.368
54.4318	15	33.4293
0
25.8817	0.0621662
4
62.7109	-0.163657
104.92	19	24.4191
95.7366	-19	330.302
0
139.356	0.410562
4
83.6579	0.695716
119.173	19	27.2662
86.4402	-19	278.041
2
133.508	0.127637
107.24	19	144.304
4
68.4555	-0.335972
95.335	-19	325.225
90.1949	19	41.6514
4
67.2548	0.0212365
79.594	-19	302.972
76.8926	19	63.0776
4
33.2854	-0.684954
37.5886	-15	286.731
34.1389	15	86.885
2
67.112	0.0950006
95.0285	19	34.1058
0
122.12	1.06833
2
87.4126	0.0687886
107.81	-19	316.928
0
132.201	-0.0659016
2
54.1968	1.12377
50.5149	15	104.86
0
139.082	-0.225435
0
154.376	-0.782566
2
9.15066	-0.577751
15.7284	-15	294.517
0
129.507	0.559035
2
108.598	0.560825
85.5562	-19	220.328
0
130.976	0.149576
0
97.9891	-0.288048
0
29.6226	-0.696243
0
138.864	0.112274
2
110.266	0.37672
90.9487	19	136.048
4
88.6273	-0.117696
83.5967	19	104.743
99.3666	-19	299.629
6
76.282	-0.608936
90.2249	-19	307.167
78.7367	19	82.8646
87.6113	19	59.9823
0
140.164	0.319036
0
129.819	-0.317055
2
115.749	-0.394053
101.832	-19	233.205
4
82.15	-0.228992
73.1666	-19	244.425
97.9342	19	50.6189
4
77.5895	0.627635
56.9903	-15	217.186
107.977	19	31.1573
4
58.0931	-0.0232249
53.0624	15	108.514
101.231	-19	336.255
4
54.38	-0.647575
55.9291	-15	276.16
84.7367	19	32.9119
4
69.7747	0.136699
85.4656	19	50.2456
81.135	-19	300.695
0
124.787	0.320691
0
141.413	-0.199367
0
144.818	0.227257
2
84.1851	0.97477
119.587	19	26.9832
0
63.9204	0.078693
4
79.5252	0.221377
87.2795	-19	291.97
91.2495	19	-301.978
2
94.243	0.219938
116.417	-19	319.082
4
49.671	0.740587
32.3335	15	140.564
73.7034	-15	326.776
0
6.47158	-0.661905
2
55.6953	-0.0948812
49.0879	-15	246.092
4
19.4281	-0.0463136
15.2095	-15	254.246
26.7213	15	64.1399
2
148.345	-0.196096
110.423	-19	206.375
0
90.2258	0.839622
0
67.4064	-0.506163
4
65.1516	0.0387423
57.5714	-15	243.25
78.8328	19	54.1881
4
67.795	-0.276129
45.0503	-15	212.917
88.1747	19	43.4059
2
117.36	0.355136
119.068	19	84.7676
4
85.9608	-0.188246
106.141	19	43.5569
100.669	-19	308.02
0
154.434	0.560761
0
122.456	-0.099089
0
1.9265	0.142672
0
129.248	-0.397425
2
15.1414	-0.135402
34.8181	15	37.5676
2
81.9032	-0.378062
102.901	19	42.7028
4
25.4669	0.269368
33.0387	15	62.7961
29.1346	-15	283.507
4
84.5041	-0.565134
79.422	-19	254.588
102.286	19	47.7342
0
139.358	0.0791457
0
149.688	0.522581
2
134.693	-0.249155
43.799	-15	189.218
2
23.7591	0.211704
58.5292	-15	336.371
2
2.04093	0.362503
13.9204	15	50.938
0
54.5466	0.166908
0
139.268	0.190768
4
22.8595	0.330879
53.9799	-15	333.774
46.4455	15	31.8792
4
109.866	-0.307217
104.725	-19	254.621
119.136	19	64.3534
6
83.0092	-0.278386
89.6817	19	70.9086
96.909	19	54.2084
86.0295	-19	279.164
2
12.301	0.476968
40.8578	15	26.9564
2
10.7177	0.122122
30.0371	-15	321.948
0
134.538	1.6041
0
23.279	0.546667
4
58.3733	0.070563
36.5586	-15	214.638
100.883	19	24.0031
0
136.898	0.311035
2
89.0486	-0.766406
58.3692	15	152.801
2
115.053	-0.348832
115.777	-19	272.221
2
55.735	0.0793168
82.9237	-19	324.941
0
56.6897	-0.247424
0
63.8117	0.157558
4
79.7383	-0.656211
104.219	19	38.7622
86.4129	-19	289.995
0
144.706	0.745423
2
82.8872	-0.213771
112.564	-19	327.665
0
98.3975	0.0588139
2
132.117	0.408913
118.259	19	126.7
0
113.175	-0.185981
0
56.2868	-0.20502
4
47.8395	-0.601333
43.4753	-15	253.138
59.496	15	53.2346
2
59.1333	0.984131
59.6355	15	87.948
4
2.67452	0.493015
44.5546	-15	339.699
19.2479	15	41.1963
4
26.8945	-0.58687
18.1829	-15	238.85
42.8093	15	44.4036
2
2.58322	-0.265998
40.0248	-15	338.519
0
117.485	-0.320621
2
105.134	-0.241239
97.9877	-19	249.145
0
139.933	0.454371
2
133.551	1.01222
119.53	-19	234.984
4
54.2277	0.254261
99.8243	19	22.3486
91.6333	-19	332.763
4
66.1176	-0.00767512
89.8214	19	38.7255
83.5906	-19	312.614
2
44.4069	0.0440738
34.7266	-15	237.24
0
115.908	0.415361
2
106.747	0.465579
100.546	19	108.498
2
117.55	-0.178746
76.2319	-19	204.49
4
21.5633	-0.0726041
35.8263	15	46.581
23.0194	-15	275.571
0
110.305	0.0503923
4
90.6858	0.54142
87.9725	19	98.3622
100.173	-19	295.897
0
85.473	-0.0569072
4
103.333	-0.143176
103.667	19	89.002
109.553	-19	288.254
0
59.5727	0.339109
4
24.39	-0.484817
26.4656	15	82.3653
29.3989	-15	289.038
4
101.665	-0.61667
116.422	19	53.0455
106.475	-19	284.663
0
112.321	-0.369776
4
99.4233	0.41733
97.9037	19	94.675
106.686	-19	290.508
4
64.6978	-0.411525
44.5199	15	142.628
99.9242	-19	332.18
4
45.1119	0.917742
114.332	-19	343.947
81.2675	19	26.5707
0
154.405	-0.281631
4
9.69241	0.882403
48.7675	15	19.8645
51.6493	-15	339.266
0
134.259	0.876082
4
40.0718	0.997586
43.5464	-15	282.254
41.727	15	83.2586
0
148.091	0.0550139
4
63.4737	-0.836444
81.7589	-19	315.191
78.1353	19	53.5309
2
55.2552	0.202055
49.2084	15	112.226
4
99.3934	-0.652881
108.433	19	65.2986
104.126	-19	284.464
2
9.34458	-0.0953103
13.0699	-15	284.033
0
35.506	0.129486
4
13.7619	-0.436792
19.9261	-15	292.942
17.6127	15	75.9928
4
60.3239	0.639316
30.5093	15	154.281
115.197	-19	340.307
4
99.7401	-0.457097
105.867	19	72.5209
99.8368	-19	270.299
0
138.802	-0.630059
4
100.982	-0.422739
101.217	-19	270.727
107.176	19	72.3117
2
73.2442	0.107616
37.543	-15	202.937
0
149.573	0.132966
4
52.3252	-0.721563
51.3644	15	93.4973
55.8698	-15	283.942
2
58.3969	-0.36282
46.2786	15	128.267
0
39.946	-0.173043
6
6.62304	-0.347503
19.9041	15	49.1285
14.4827	-15	298.209
13.7508	-15	295.941
2
22.0215	0.617977
47.2495	-15	328.24
2
134.032	0.770799
13.2688	-15	187.44
2
7.65575	0.145727
15.3622	-15	296.968
0
45.8679	0.566889
0
129.497	-0.174374
0
100.032	1.16403
2
85.146	-0.391032
102.315	19	48.4777
4
50.4092	0.0218467
35.4695	-15	225.157
82.4675	19	30.6251
2
111.115	0.113624
115.526	19	76.8551
2
7.01977	-0.0378915
45.2348	-15	338.618
0
37.0015	-0.464437
4
76.9973	-1.04332
99.2176	19	42.0512
87.6171	-19	300.601
0
153.831	-0.400105
2
55.9794	-0.31305
110.346	-19	341.031
0
140.219	0.368497
2
35.4081	0.14774
20.3366	-15	225.144
2
15.7293	0.00305768
50.8558	-15	336.872
0
121.727	0.246492
4
37.9126	-0.0161699
53.6669	15	43.6257
46.1799	-15	298.888
4
13.4932	-0.598311
21.87	-15	300.185
16.2348	15	80.0314
4
33.2185	0.547561
105.742	-19	344.915
49.9373	15	40.8415
0
57.26	0.149902
4
45.154	-0.647552
35.5066	15	121.655
57.3391	-15	310.331
0
153.2	-0.0597725
4
33.7968	-0.284674
38.0697	-15	466.192
46.5562	15	-129.855
0
103.523	0.724773
0
154.118	-1.34815
0
93.746	-0.110957
4
48.9314	0.125544
32.6847	15	137.525
82.222	-19	330.123
2
61.11	-0.349973
23.6993	15	157.691
4
94.5163	0.371964
112.782	-19	313.317
107.445	19	55.237
4
91.5711	0.286164
77.8157	-19	234.503
110.813	19	44.2026
4
61.6054	1.08778
83.0386	19	39.8862
83.8766	-19	317.951
2
96.8867	-0.132157
35.5761	-15	193.631
4
35.0541	-1.0808
57.8682	15	35.1786
38.4287	-15	283.628
4
55.3951	-0.417698
37.1206	-15	218.589
93.8046	19	26.8186
0
52.2693	0.716357
2
76.0666	0.807476
93.1933	-19	310.849
0
4.77007	-0.536333
2
1.73201	0.644509
14.2795	-15	308.731
0
134.347	0.00391689
4
100.405	-1.02586
111.77	-19	302.303
105.404	19	75.9843
0
97.4698	-0.439398
0
35.4668	-0.705708
0
136.888	0.0481756
0
138.924	0.280813
2
19.3367	-0.231671
94.5324	-19	345.986
0
148.768	1.10904
0
133.81	-0.610651
0
118.378	-0.934473
4
100.422	-0.924762
106.534	-19	288.681
103.495	19	81.2331
2
101.73	0.481081
114.602	-19	303.454
2
135.941	0.00959307
117.85	-19	226.418
4
55.5746	0.499757
108.641	19	19.2199
108.482	-19	339.768
0
21.9152	0.691887
4
9.04476	0.385692
16.4548	15	63.113
19.0847	-15	303.126
0
104.63	-0.112284
0
153.926	0.322154
2
73.5081	-0.0154114
80.9234	19	68.6962
2
107.614	-0.286064
115.931	-19	293.962
2
91.5751	0.236544
58.8859	-15	204.99
2
100.815	0.250077
82.3478	19	134.565
4
103.411	-0.343061
92.133	19	120.244
118.492	-19	308.949
4
43.9494	-0.247304
30.375	15	131.678
60.9701	-15	319.083
4
52.4661	-0.168185
27.501	15	148.718
90.5619	-19	333.696
0
85.4178	0.578789
4
21.7654	-0.77552
45.1906	-15	328.733
42.2758	15	37.5657
4
77.1071	0.537619
94.1007	-19	311.016
107.343	19	31.4083
2
125.111	-0.469524
116.777	-19	245.785
2
138.263	0.124848
31.8504	15	172.042
0
1.81806	-0.298851
4
84.1983	-0.153049
107.156	19	39.8368
101.328	-19	312.267
4
14.731	0.178697
103.048	-19	347.748
91.7822	-19	346.023
0
60.4874	-0.211335
4
21.4251	-0.265911
26.4627	15	71.7377
21.5753	-15	270.584
2
107.115	0.138798
83.9406	19	140.859
2
116.903	0.405461
107.209	19	117.536
2
45.984	-0.509512
49.3179	-15	282.957
0
138.502	0.374214
2
10.4961	0.437702
22.2854	15	51.0072
2
121.672	0.981097
60.2769	-19	198.028
0
118.381	0.405922
2
103.755	-0.66191
96.8795	19	109.275
4
109.989	0.0976443
114.835	19	75.6219
113.197	-19	279.535
6
39.8569	0.239408
31.5094	-15	241.288
18.5303	-15	215.549
60.7596	15	35.2281
2
105.601	-0.00455893
115.692	-19	297.98
6
44.8127	-0.0957734
52.2492	-15	296.517
45.6565	-15	273.24
48.1242	15	77.6273
4
35.8127	-0.160665
21.6795	15	132.991
60.4359	-15	328.924
0
143.421	0.399204
4
80.383	0.0531782
83.3148	19	81.2037
83.4637	-19	279.185
4
106.028	-0.432865
118.586	19	57.1285
109.679	-19	281.124
2
142.148	0.604819
89.4587	-19	200.409
4
15.5192	0.385025
30.3016	-15	313.856
25.8197	15	54.824
2
66.5202	-0.124094
76.9654	-19	298.958
0
123.735	-0.219564
4
78.2829	-0.238443
76.6998	19	94.7042
104.912	-19	324.833
6
103.238	0.325461
102.684	-19	268.358
108.804	19	73.4027
109.502	19	71.458
2
67.2963	-0.895543
92.7184	-19	324.543
0
52.9777	0.0992494
4
72.5867	-0.245932
102.922	19	32.3929
95.2356	-19	320.374
4
89.9364	-0.583668
83.3028	-19	250.191
104.399	19	53.5541
4
19.1313	-0.630854
22.2519	-15	282.253
20.7337	15	84.147
0
55.6067	0.101762
2
38.1198	-0.724603
16.6833	-15	213.661
0
122.948	-0.0174731
4
80.7048	-0.211563
112.597	19	31.0647
105.031	-19	322.319
0
141.405	0.157563
6
40.8385	0.146083
42.7877	-15	277.333
41.8007	-15	273.635
43.2211	15	80.8872
0
105.714	-0.0315451
4
55.1145	0.482271
58.8386	15	75.6125
85.4198	-19	327.264
0
25.1074	-0.168298
0
50.914	0.298684
0
143.802	-0.506779
0
137.99	0.712355
0
85.4253	0.547466
0
138.963	1.34111
4
32.7129	0.413293
23.1611	15	123.218
50.2	-15	318.607
2
118.903	0.404718
78.8543	-19	205.852
0
138.549	-0.00852201
2
49.2177	0.0284528
84.4564	-19	331.632
6
39.5491	0.217152
45.5864	-15	291.64
38.1067	15	95.5727
42.339	15	79.3122
2
129.865	0.0155261
82.5715	19	158.128
2
75.81	0.062103
94.8524	-19	314.97
4
32.8754	-0.319783
33.2427	15	88.6266
38.3	-15	290.28
0
94.2028	0.0611166
2
56.3254	1.11597
47.8586	15	121.376
0
154.517	0.180867
0
116.647	-0.481329
6
29.4115	0.235973
41.3061	15	51.1434
43.5247	-15	312.809
33.2796	-15	284.245
6
6.76414	0.0738609
26.6222	-15	322.799
23.0033	-15	317.131
15.2509	15	60.3783
0
152.259	0.569864
4
17.4053	0.154554
40.19	15	33.0864
30.0804	-15	309.909
2
6.04	-0.233869
25.3874	-15	322.649
2
62.4896	0.059473
80.3256	19	46.7204
4
80.1856	0.351982
81.6744	19	85.4356
103.173	-19	319.908
0
116.262	0.0896172
0
14.0633	0.466791
4
105.239	-0.0669177
98.7347	-19	251.041
116.311	19	59.8567
4
57.4214	-0.361197
94.1891	19	27.7705
85.6493	-19	326.563
2
109.13	0.184661
102.064	19	110.583
2
42.5797	0.594488
59.7584	15	39.9821
2
98.8764	0.159387
74.7895	19	141.968
2
38.0874	-0.773919
18.5951	15	141.019
0
146.811	-0.388762
0
39.2765	0.977995
2
6.72675	0.298242
20.6635	15	46.5302
2
44.7645	-0.248219
51.6144	15	65.8093
4
92.6777	0.523316
91.4609	-19	266.434
97.4198	19	75.6056
0
141.16	-0.757869
2
135.785	0.0428707
105.628	19	147.846
6
92.22	-0.37437
87.6003	-19	256.07
102.535	19	61.9685
103.271	19	60.2995
0
144.981	-0.303276
4
10.9608	0.250351
13.136	15	81.6106
15.4751	-15	286.489
2
140.108	-0.114344
28.6083	-15	187.604
4
41.3145	0.534531
50.4931	-15	300.577
43.5623	15	81.1674
2
125.164	-0.750563
104.715	19	135.996
4
140.762	-0.383825
50.5207	15	170.326
89.7494	-19	380.049
0
134.072	-0.0207158
2
38.1737	-0.479964
84.147	-19	338.058
0
98.5167	0.00403994
2
114.67	-0.0605899
112.594	-19	263.742
0
65.9482	-0.885332
0
141.478	-0.516539
4
21.5309	0.117463
19.8421	-15	263.626
27.9822	15	66.5644
0
100.157	0.254177
4
28.784	-0.284204
15.645	15	130.684
45.2646	-15	318.238
0
121.33	0.0715571
2
98.2414	0.327913
74.0374	19	142.352
4
39.9786	-0.0323904
28.961	15	126.239
54.7305	-15	314.584
0
149.933	-0.0253836
4
80.8413	-0.0497246
79.0193	19	95.4635
99.144	-19	314.004
4
73.6986	0.14971
80.0711	-19	288.406
80.2275	19	70.896
0
17.4177	0.0489013
0
47.8967	-0.454723
2
74.5006	0.577429
96.6766	-19	318.561
4
89.4805	0.211915
99.0142	19	63.0953
95.2333	-19	286.67
0
154.289	0.68063
2
3.41653	-0.23239
106.639	19	10.5543
4
91.7999	-0.15875
91.2213	-19	268.241
100.633	19	65.2475
0
42.8319	0.888292
4
24.9888	-0.790907
15.9828	-15	237.633
41.7287	15	43.329
0
132.247	0.0972367
0
149.214	1.00795
4
54.0897	-1.0542
97.9472	-19	337.746
108.975	19	20.0716
2
28.2564	0.184729
28.7133	-15	271.724
2
113.075	-0.520386
118.55	-19	286.504
2
141.414	0.292197
91.3824	-19	201.087
0
139.844	-0.484841
4
38.3611	0.183868
49.4518	15	53.1829
46.1597	-15	297.186
4
8.9961	0.582917
17.3593	-15	298.222
13.3874	15	73.0598
2
9.52643	-0.226914
31.337	15	34.9206
4
39.1522	0.131444
37.0976	15	97.8675
44.2643	-15	288.667
4
96.6998	0.188045
119.425	19	39.6179
114.34	-19	312.593
0
121.988	-0.0441807
4
72.5344	-0.220711
95.9034	19	39.4368
82.5198	-19	298.001
4
21.51	-0.500425
14.9571	-15	245.68
37.3062	15	44.4585
2
131.985	0.0537552
119.091	19	124.238
4
79.5644	0.110686
95.6303	-19	310.053
86.0438	19	71.0669
0
71.7239	-0.637698
2
5.83118	-1.13349
27.7259	-15	327.653
2
70.1114	-0.544514
33.0044	15	157.271
4
38.6297	0.465022
106.06	19	15.3696
95.8741	-19	341.22
2
37.5256	-0.453567
83.9456	-19	338.222
2
76.1901	-0.335105
47.2224	15	152.104
0
121.187	0.608214
4
80.8096	0.295648
87.7984	-19	289.91
82.0577	19	86.1823
2
34.1322	-0.383488
96.374	-19	343.348
4
96.4009	-0.325027
108.822	19	57.2693
99.7326	-19	280.115
0
100.471	-0.29789
2
0.356154	0.32039
99.9207	-19	349.018
0
127.08	-0.214068
0
121.397	-0.0885537
2
125.714	-0.153294
118.693	-19	249.566
4
33.0282	-0.206644
54.696	15	35.0616
45.8227	-15	310.856
0
0.524218	0.221343
2
54.6276	-0.914304
22.2013	-15	203.48
2
119.771	-0.306547
99.2023	19	136.813
2
129.647	-0.176576
77.2426	-19	199.758
4
48.3859	0.218939
50.6615	15	81.2476
52.5978	-15	285.47
0
137.07	1.03187
4
71.6881	-0.509326
92.4993	-19	318.379
88.1357	19	49.867
2
76.1926	0.257896
18.792	15	165.596
0
129.499	0.0690452
4
30.5204	-0.617494
44.1254	15	48.9397
35.2756	-15	288.295
0
134.287	-0.719086
4
83.5286	-0.0867025
83.2902	-19	269.278
99.175	19	50.6565
4
37.6912	-0.941486
32.6659	-15	250.33
49.1942	15	54.1866
2
85.1142	0.314323
111.049	19	35.7727
0
30.5029	-0.140407
4
77.8274	0.191086
87.5784	19	62.5967
80.4989	-19	277.925
0
151.259	-0.644869
2
70.9496	0.322824
83.2542	19	56.6231
2
120.121	-0.221951
49.2488	-15	191.778
0
64.3415	-0.796416
2
2.02527	0.453717
17.4615	-15	314.968
4
16.9752	0.185556
28.4493	15	52.2415
17.3234	-15	271.313
4
43.8736	-0.421323
48.9806	15	71.6768
44.3034	-15	271.689
4
71.8075	-0.187826
110.144	19	26.5886
90.8425	-19	315.337
4
92.5585	0.0713117
105.972	19	54.678
97.8009	-19	285.37
0
147.467	-0.281861
0
63.0059	0.050891
2
113.496	0.00820113
87.1939	19	144.168
4
30.1002	-0.0690728
50.4276	15	36.5502
45.5801	-15	316.034
2
59.3895	0.288708
57.0611	-15	261.341
4
85.9548	0.0265474
88.7195	19	81.7098
91.3732	-19	285.896
2
97.4507	-0.258493
86.3065	-19	239.263
4
40.2323	0.0395631
39.9452	15	91.0997
45.2831	-15	288.564
0
131.448	0.241671
4
20.1172	1.0371
46.5403	15	27.8535
43.7478	-15	325.837
0
138.253	0.628569
2
104.298	0.516487
50.3177	-15	196.037
0
142.157	0.708686
2
51.7316	-0.212269
46.8953	-15	431.89
2
27.4988	0.689497
101.365	-19	345.075
4
35.1698	0.580849
32.5824	15	100.173
43.2467	-15	297.402
0
145.39	-0.307732
4
88.6338	0.0188116
86.8523	-19	264.649
96.7776	19	66.7786
4
14.1267	-0.279621
17.7171	-15	283.707
14.9733	15	86.8286
4
49.3892	0.139463
42.0387	15	116.318
60.2083	-15	305.551
4
51.4198	0.190596
48.4742	15	101.249
95.9975	-19	336.708
4
79.952	0.698519
95.9719	19	48.8032
88.879	-19	294.379
4
47.8548	-0.645773
23.3917	-15	210.403
110.641	19	17.3749
0
129.67	-0.283306
4
69.9958	-0.335433
107.895	19	27.03
93.042	-19	320.997
4
16.2244	0.20719
29.933	-15	312.033
17.0704	15	86.7265
4
22.5383	0.109567
18.5666	15	104.935
33.2761	-15	305.4
0
100.065	-0.0619651
0
0.164901	0.367631
4
88.2298	-1.03926
90.5259	19	83.4634
101.912	-19	307.299
2
88.6099	0.562423
119.026	-19	327.252
2
55.6976	-0.233106
35.935	-15	216.768
4
102.919	0.28205
94.4234	19	114.412
115.663	-19	303.462
0
148.446	0.566134
0
119.977	-0.594765
4
52.0624	0.490703
51.8377	15	90.8874
57.4465	-15	289.166
4
23.6409	0.169423
21.0451	15	99.9278
29.2778	-15	290.385
2
113.006	-0.675021
85.144	-19	213.333
0
104.454	0.332372
4
72.8604	-0.61979
80.611	-19	292.864
85.8314	19	-303.469
0
111.276	-0.141997
4
36.6399	0.965358
81.2994	19	21.9901
38.4173	-15	276.352
2
107.092	-0.401205
113.599	-19	289.282
2
107.688	-0.095167
97.5011	-19	241.681
4
63.3946	-0.0743058
112.919	-19	339.086
102.871	19	25.789
0
139.729	-0.381073
2
15.6327	-0.152814
28.4242	15	49.8301
0
87.2356	0.448364
0
72.6341	-0.379424
4
62.2777	0.657312
53.9491	15	120.143
77.9757	-19	308.61
4
33.9518	-0.310705
58.2511	15	32.2146
50.6834	-15	318.719
4
53.9053	0.651736
84.5078	-19	327.293
56.6344	15	79.2308
4
32.8681	-0.338374
41.6138	15	60.3088
38.0324	-15	289.404
2
98.4693	0.134943
76.7373	-19	221.364
4
52.7087	-0.086374
56.532	-15	284.379
52.846	15	89.4786
4
23.7019	-0.45795
23.2912	15	91.5219
32.2014	-15	300.305
2
127.628	-0.16349
75.076	19	159.965
0
137.546	0.448374
0
59.7395	-0.23685
2
59.5245	-0.0819572
53.3459	15	112.277
2
139.971	0.969433
79.5885	-19	198.3
0
111.628	0.688809
4
26.6636	-0.531005
33.9761	-15	296.812
27.2937	15	87.6765
2
32.2615	-0.20326
58.0223	15	30.5479
4
116.147	0.489676
111.886	19	102.963
116.949	19	87.5177
4
57.6495	-0.287677
102.903	-19	337.535
55.7182	-15	262.522
0
113.111	-0.389439
0
152.217	0.0387077
0
70.2739	-0.131826
2
87.6813	0.587372
110.439	19	38.9752
4
43.9537	0.618444
117.081	19	14.1098
107.587	-19	342.865
2
113.54	0.521037
113.718	19	89.448
4
55.5071	0.871177
57.3274	-15	276.543
56.4917	15	86.0134
4
82.889	0.587915
112.559	19	31.8225
106.326	-19	320.112
0
83.5242	-0.0941047
0
80.0967	0.146464
4
27.7028	0.442152
23.8717	15	104.744
42.5503	-15	313.875
0
134.176	-0.288629
4
75.4526	0.304793
83.63	19	66.375
75.7513	-19	270.887
0
28.4864	-0.321542
0
27.2616	-0.0925359
4
48.0587	-0.3148
56.8852	15	60.0434
53.2697	-15	289.537
0
23.106	0.313059
4
80.0808	-0.713424
81.6008	19	85.5911
93.4199	-19	306.109
0
134.812	-0.426427
2
140.695	-0.228916
97.1745	-19	203.331
4
84.5146	0.359538
75.7787	-19	245.713
109.701	19	36.5052
2
70.1399	-0.507585
75.4366	19	74.8093
0
1.71542	0.279235
2
130.052	-0.703478
80.6278	-19	200.314
4
92.4769	0.338607
109.905	-19	312.025
93.8574	19	85.7692
0
130.359	0.277152
2
151.61	0.22406
114.51	19	153.157
6
43.6468	-0.338026
45.4713	-15	277.093
45.3187	15	83.7792
46.6639	15	78.8715
0
54.9422	0.448147
0
60.7978	-0.581773
2
2.59805	0.402278
19.0126	15	41.6472
0
108.956	0.771412
0
91.3744	-0.391391
4
65.7499	-0.0564326
53.1534	-15	229.871
92.1512	19	35.8218
2
24.3164	0.250303
24.4526	15	89.471
4
73.2695	0.153441
118.697	-19	337.138
96.2097	19	39.4049
0
48.095	0.0781759
2
45.3957	0.140119
94.457	19	21.0275
4
58.1773	-0.137823
53.4803	-15	252.462
84.0778	19	36.4606
4
15.9055	0.525714
30.0978	15	45.5637
27.2607	-15	306.181
0
144.255	1.1549
4
86.2434	0.0829949
101.758	19	50.6426
97.0151	-19	299.443
2
48.3345	-1.46568
41.5254	-15	243.293
0
131.481	-0.649569
0
152.147	-1.31358
2
115.323	-0.587808
80.2553	19	150.813
2
34.3378	0.0925262
27.2613	15	115.393
0
144.305	0.0708654
2
110.774	0.962853
99.4053	-19	240.339
4
61.9986	0.401935
109.757	-19	337.89
92.9572	19	30.9949
4
14.0669	0.536327
46.9821	-15	334.732
33.0033	15	37.3727
4
93.7593	1.04919
114.693	-19	316.236
102.837	19	63.1735
6
100.017	-1.22673
88.8266	19	118.954
96.0722	19	101.036
112.654	-19	305.413
2
96.9143	0.528941
110.766	19	53.1338
0
149.198	0.640632
2
103.061	0.989273
50.5687	-15	196.941
2
117.385	0.300561
103.193	19	127.197
0
124.299	0.304421
0
74.671	0.441609
4
77.8287	-0.182308
82.8036	-19	284.809
78.9166	19	86.754
6
65.8779	-0.413749
58.3957	15	115.893
60.248	15	110.065
82.1452	-19	311.193
4
51.5342	-0.695871
32.805	15	140.036
78.8042	-19	326.13
2
35.3242	0.577826
87.2073	-19	339.326
0
130.411	0.20025
4
49.0645	-0.111683
89.7784	19	25.146
59.5068	-15	305.045
4
56.5457	0.0360716
98.174	19	24.4918
59.7762	-15	282.126
0
118.946	0.0915991
4
7.34055	-0.603283
73.8038	15	13.2118
56.931	-15	343.811
2
74.5476	0.0866817
39.1781	15	157.138
2
38.3696	0.645715
85.8761	-19	337.533
4
12.0321	-0.895289
21.0401	-15	302.564
15.9297	15	76.2229
0
58.2248	0.384769
2
58	-0.844973
77.7586	-19	317.422
4
42.0796	0.299241
112.264	19	14.92
104.68	-19	342.866
4
5.94949	0.0584382
20.5909	15	45.5813
36.8528	15	25.8035
4
25.8812	0.0330134
59.7957	-15	336.094
29.3315	15	77.0186
2
61.7156	-0.129173
80.5528	19	45.4407
0
151.283	-0.357354
4
37.6135	0.162351
45.5106	-15	297.512
42.2997	15	72.472
2
58.5313	-0.250169
51.7632	-15	245.351
2
40.5598	-0.725205
40.9417	-15	271.532
2
140.204	0.511611
112	19	146.755
4
98.9567	-0.152889
98.5265	19	91.2867
103.009	-19	282.134
4
20.4001	0.545478
18.4644	-15	262.902
28.7458	15	59.9987
2
73.6066	-0.304063
119.472	-19	337.823
4
56.1912	-0.103481
91.9638	-19	332.155
83.2512	-19	325.073
2
56.7026	0.492137
53.4222	-15	258.045
4
45.6215	0.0209515
57.2049	15	52.2851
50.6677	-15	288.569
4
73.2997	-0.348173
95.1629	19	41.5078
89.1201	-19	310.304
2
72.7385	-0.174297
42.8718	-15	206.4
0
20.8311	-0.591357
0
20.9437	0.299607
4
42.9889	0.228667
52.4254	-15	301.785
45.8449	15	79.0568
0
125.482	-0.221964
0
81.927	-0.155915
0
146.201	-0.652174
4
22.8214	0.801383
21.2054	15	96.4931
27.7675	-15	287.381
2
143.09	-0.836213
15.3822	15	172.931
0
123.116	-0.283487
0
0.341102	0.499439
0
37.3305	0.316503
2
144.07	-0.321369
109.163	-19	208.152
4
71.0765	0.146083
90.3036	-19	315.121
84.9513	19	53.6502
2
45.1195	-0.423606
33.5777	-15	231.627
0
145.491	-0.641953
2
37.6376	-0.532726
27.4515	15	123.256
4
73.0892	0.184694
60.0573	-15	229.363
109.193	19	27.5264
0
2.2627	0.392763
0
99.8716	-0.0718533
4
95.5995	0.0406102
103.127	19	68.346
95.9013	-19	270.908
2
127.567	-0.129666
96.308	-19	211.118
